MODEL	TRANS	REP	R2	X2	X2p	X2c
Binomial	none	1	1.0	235.504553578	237.455387501	0.544375816206
Binomial	none	10	1.0	136.203578873	188.329767824	0.554732874817
Binomial	none	100	1.0	1167.73555729	214.810089167	0.550685400194
Binomial	none	11	1.0	187.210582414	201.075049132	0.556616617935
Binomial	none	12	1.0	118.220171823	196.785546011	0.563053250402
Binomial	none	13	1.0	95.3182945017	185.591868556	0.564898841726
Binomial	none	14	1.0	427.256293741	283.321475036	0.56806838771
Binomial	none	15	0.0	141.847826189	178.119736181	0.550841750964
Binomial	none	16	1.0	201.62764333	184.768946398	0.566195741024
Binomial	none	17	1.0	130.791774777	196.509947517	0.545488241547
Binomial	none	18	1.0	256.242130533	286.624959922	0.557142377348
Binomial	none	19	1.0	155.844144448	236.625397392	0.554177831281
Binomial	none	2	1.0	179.343920686	192.182063642	0.564866461604
Binomial	none	20	1.0	591.304669919	197.545750793	0.562453593325
Binomial	none	21	1.0	263.349695659	217.237984488	0.555531416913
Binomial	none	22	1.0	130.542537772	174.543433021	0.564861010879
Binomial	none	23	1.0	134.353959305	180.12478841	0.556615370947
Binomial	none	24	1.0	1206.83096921	206.540484832	0.574187729311
Binomial	none	25	1.0	1149.36387699	185.207098655	0.556027841041
Binomial	none	26	1.0	971.590902151	202.69211023	0.557133375499
Binomial	none	27	1.0	164.658682666	213.79911588	0.569209239328
Binomial	none	28	1.0	175.598447117	227.980119892	0.566086492892
Binomial	none	29	1.0	163.435272495	202.067895193	0.558722289895
Binomial	none	3	1.0	117.493692432	208.618361329	0.552576548681
Binomial	none	30	1.0	124.69551257	206.372264517	0.565895586824
Binomial	none	31	1.0	294.852329356	246.218670794	0.560526430755
Binomial	none	32	1.0	1038.24077839	233.376455945	0.572325097402
Binomial	none	33	1.0	865.847459109	216.528240477	0.55952463988
Binomial	none	34	1.0	155.485043871	179.336801536	0.561390148038
Binomial	none	35	1.0	161.869882296	174.251776984	0.556560916353
Binomial	none	36	1.0	124.875084354	194.542578107	0.546728973003
Binomial	none	37	1.0	1131.17194869	247.516917324	0.567209548496
Binomial	none	38	1.0	1872.66899945	202.883442626	0.566917449961
Binomial	none	39	1.0	285.87185991	275.598631412	0.544572384518
Binomial	none	4	1.0	181.026048143	169.241547046	0.5539555082
Binomial	none	40	1.0	146.236713771	200.75138794	0.555240058218
Binomial	none	41	1.0	118.308249291	196.712528291	0.557155112834
Binomial	none	42	1.0	175.258781164	207.587150437	0.552058886224
Binomial	none	43	1.0	143.20269899	195.9831553	0.551969861146
Binomial	none	44	1.0	264.697159356	221.162372531	0.566952940944
Binomial	none	45	1.0	932.936264396	209.281587353	0.551907722929
Binomial	none	46	1.0	119.720727948	200.85214359	0.55902552954
Binomial	none	47	1.0	255.871872295	224.437360804	0.554958247263
Binomial	none	48	1.0	818.103317077	276.168518229	0.568648396277
Binomial	none	49	1.0	2001.70516037	212.650506316	0.565327697542
Binomial	none	5	1.0	1066.15593114	205.210616878	0.566451395967
Binomial	none	50	1.0	177.31159518	199.615808414	0.564403894226
Binomial	none	51	1.0	204.396222788	222.121316096	0.561165871861
Binomial	none	52	1.0	1014.47218098	240.834261323	0.563673131145
Binomial	none	53	1.0	135.682267225	225.735955143	0.552716809128
Binomial	none	54	1.0	124.928694817	195.470379646	0.556118037583
Binomial	none	55	1.0	2031.63928818	222.314420586	0.565652665808
Binomial	none	56	1.0	984.147754495	196.22565998	0.575791396653
Binomial	none	57	1.0	156.470623597	230.386579702	0.549832084919
Binomial	none	58	1.0	151.475954788	195.05504062	0.556659442327
Binomial	none	59	1.0	118.336567187	228.316511238	0.549781682103
Binomial	none	6	1.0	1268.24336275	245.265590345	0.55960544601
Binomial	none	60	1.0	160.011657791	183.66942209	0.554149761469
Binomial	none	61	1.0	1152.63375233	227.307674527	0.54642214012
Binomial	none	62	1.0	822.166940218	235.975567381	0.563431045347
Binomial	none	63	1.0	1145.84660093	230.24347175	0.565728384292
Binomial	none	64	1.0	239.309900212	223.064514307	0.544913295693
Binomial	none	65	1.0	926.217312251	207.253255419	0.557718814353
Binomial	none	66	1.0	366.700197394	287.833432375	0.569787923192
Binomial	none	67	1.0	125.050430478	197.038577982	0.563266029621
Binomial	none	68	1.0	651.475739263	186.701878497	0.550435850002
Binomial	none	69	1.0	186.019440934	196.700588417	0.564784065849
Binomial	none	7	1.0	117.75161954	214.352595023	0.555754732774
Binomial	none	70	1.0	246.941893487	225.932061987	0.548700032477
Binomial	none	71	1.0	154.964550403	197.226770735	0.558585412288
Binomial	none	72	1.0	224.627597927	250.715948625	0.56165837246
Binomial	none	73	1.0	2060.32509599	294.337359536	0.549599732202
Binomial	none	74	1.0	167.95589046	197.373729257	0.551487831887
Binomial	none	75	1.0	1335.90621738	274.577030285	0.55644883741
Binomial	none	76	1.0	146.923209298	189.398280314	0.56646841697
Binomial	none	77	1.0	794.144457629	305.678434583	0.56841654358
Binomial	none	78	1.0	699.863030189	208.404521255	0.570491032345
Binomial	none	79	1.0	114.305749762	191.762459741	0.550741956739
Binomial	none	8	1.0	140.74500248	226.63847865	0.561120324603
Binomial	none	80	1.0	172.316734427	197.991220585	0.552044892886
Binomial	none	81	1.0	214.78906138	200.213827348	0.562808084321
Binomial	none	82	1.0	492.114893216	303.957373115	0.552689619941
Binomial	none	83	1.0	105.218286025	199.577284	0.543457776589
Binomial	none	84	1.0	103.399946417	192.510393022	0.553045648663
Binomial	none	85	1.0	133.613573498	173.232846213	0.543163853797
Binomial	none	86	1.0	641.199445872	240.230288992	0.571581857628
Binomial	none	87	1.0	180.487617628	247.385720626	0.564388546922
Binomial	none	88	1.0	129.151000028	200.786998531	0.56074648551
Binomial	none	89	1.0	1209.08886329	220.175438131	0.560145117046
Binomial	none	9	1.0	202.512569163	225.698366632	0.554531989826
Binomial	none	90	1.0	205.509255163	203.536665696	0.56941183908
Binomial	none	91	1.0	123.321327858	194.839271932	0.542342806503
Binomial	none	92	1.0	167.075280185	189.10066218	0.563791752383
Binomial	none	93	1.0	7697.68324447	325.448247384	0.568366797547
Binomial	none	94	1.0	142.014031607	207.330321706	0.563578913645
Binomial	none	95	1.0	126.619170995	204.839616593	0.555722266399
Binomial	none	96	1.0	142.108354217	204.047656026	0.558520241835
Binomial	none	97	1.0	132.605726593	211.744398304	0.545272116079
Binomial	none	98	1.0	192.416293105	210.582195446	0.553829406635
Binomial	none	99	1.0	127.090483619	230.075031724	0.557143219461
NBinomial	none	1	1.0	111.434568343	1.51176117253	0.551801664057
NBinomial	none	10	1.0	109.220574943	1.51179850396	0.561940832893
NBinomial	none	100	1.0	493.384102344	6.46075499466	0.556701525893
NBinomial	none	11	1.0	117.132373212	1.6774631511	0.562761680518
NBinomial	none	12	1.0	116.361091199	1.59546896572	0.569832179305
NBinomial	none	13	1.0	79.9169988689	1.47280267263	0.570871439266
NBinomial	none	14	1.0	275.041406249	3.46426949328	0.573265850075
NBinomial	none	15	1.0	120.63089856	1.50769072096	0.557667941612
NBinomial	none	16	1.0	159.497656633	2.06395303382	0.572323601828
NBinomial	none	17	1.0	137.317530306	1.53292905268	0.553473958913
NBinomial	none	18	1.0	116.935775538	1.64421856679	0.562959357384
NBinomial	none	19	1.0	65.2781372844	1.69664068005	0.560440670462
NBinomial	none	2	0.0	121.42261259	1.70995041807	0.570342683466
NBinomial	none	20	1.0	341.868190537	5.40021038692	0.568672398237
NBinomial	none	21	0.999999999431	126.056241116	1.65750439784	0.560178551552
NBinomial	none	22	1.0	92.3506671397	1.58150011918	0.569279132706
NBinomial	none	23	1.0	108.203066589	1.47073549262	0.561726844597
NBinomial	none	24	1.0	857.157202934	9.26645390949	0.579294091512
NBinomial	none	25	1.0	751.361665883	8.77681375927	0.562889873979
NBinomial	none	26	1.0	456.467155364	8.72945205342	0.563215659021
NBinomial	none	27	1.0	101.688723892	1.80867935068	0.573119829573
NBinomial	none	28	1.0	162.207632152	1.88700457693	0.571955214804
NBinomial	none	29	1.0	114.643755128	1.6590804056	0.565314320124
NBinomial	none	3	1.0	92.3980911666	1.60157683394	0.558900876045
NBinomial	none	30	1.0	107.401664718	1.6504797345	0.570619988151
NBinomial	none	31	1.0	176.271185737	1.96128719069	0.566620089019
NBinomial	none	32	1.0	485.626205849	7.00681404566	0.577197699212
NBinomial	none	33	1.0	480.010513839	6.92202975593	0.56513760886
NBinomial	none	34	1.0	105.597600648	1.71313525598	0.568377084397
NBinomial	none	35	1.0	146.950320405	1.66384588349	0.562583546315
NBinomial	none	36	1.0	120.744254677	1.58684211351	0.553327835534
NBinomial	none	37	1.0	632.426279602	10.0741944302	0.573327290451
NBinomial	none	38	0.999999913324	496.366541062	6.82700587702	0.573219162048
NBinomial	none	39	1.0	162.355454197	1.63864567225	0.550648390547
NBinomial	none	4	1.0	111.555873779	1.57633430894	0.560014479744
NBinomial	none	40	1.0	77.3933475741	1.51917048246	0.561982858725
NBinomial	none	41	1.0	109.35996458	1.5805556039	0.562948385367
NBinomial	none	42	1.0	162.673846189	1.79618499196	0.558210791126
NBinomial	none	43	1.0	127.647983205	1.35154391496	0.559538885435
NBinomial	none	44	1.0	158.500509858	1.813904504	0.572295208024
NBinomial	none	45	1.0	373.747294104	5.03209778217	0.558294621412
NBinomial	none	46	1.0	119.004940523	1.61892233093	0.564463375201
NBinomial	none	47	1.0	194.256197187	1.94097916173	0.560713060729
NBinomial	none	48	1.0	427.942726215	6.01082235282	0.574584107759
NBinomial	none	49	1.0	1556.90226291	12.4056333576	0.571906551708
NBinomial	none	5	1.0	489.143226746	6.95848248119	0.571532360974
NBinomial	none	50	1.0	130.03945257	1.6132865053	0.571237028599
NBinomial	none	51	0.00881217401788	133.828535289	1.78832185788	0.566873322795
NBinomial	none	52	1.0	514.983937933	6.78698585291	0.568996038087
NBinomial	none	53	1.0	128.805850389	1.66818925075	0.55792903473
NBinomial	none	54	1.0	93.5535115806	1.59125636667	0.562267964876
NBinomial	none	55	1.0	476.955752431	6.72882174866	0.570935244308
NBinomial	none	56	1.0	355.439648542	5.75279891981	0.580586612441
NBinomial	none	57	1.0	110.236288433	1.69826444647	0.555924961026
NBinomial	none	58	1.0	136.491182766	1.79008862966	0.561554126154
NBinomial	none	59	1.0	105.526081824	1.62537803478	0.556340910821
NBinomial	none	6	1.0	406.18679421	5.6964646119	0.565084131692
NBinomial	none	60	1.0	97.9317040987	1.56710675725	0.559641261097
NBinomial	none	61	1.0	539.982861165	8.26655374796	0.552372971054
NBinomial	none	62	1.0	339.541713303	5.663703351	0.569517341159
NBinomial	none	63	1.0	703.693866485	11.542085925	0.572296382238
NBinomial	none	64	1.0	170.982197461	1.75767644694	0.551543297442
NBinomial	none	65	1.0	451.918304452	7.32089502795	0.563594016169
NBinomial	none	66	1.0	169.165917451	1.99377822922	0.575893380929
NBinomial	none	67	1.0	94.9820429285	1.70517924155	0.569734290171
NBinomial	none	68	1.0	314.056692108	5.21911275413	0.555843814575
NBinomial	none	69	1.0	122.868323189	1.65855228277	0.570625000824
NBinomial	none	7	1.0	101.877830341	1.52950111081	0.561269310169
NBinomial	none	70	1.0	154.286310482	1.65365363419	0.555373533192
NBinomial	none	71	1.0	102.497177282	1.73590937392	0.563120357631
NBinomial	none	72	1.0	98.4415851041	1.64511811207	0.567976876969
NBinomial	none	73	1.0	491.693272337	6.58674635685	0.555740675995
NBinomial	none	74	1.0	131.484570373	1.6388913474	0.558675055834
NBinomial	none	75	1.0	812.200049009	9.15413238934	0.561667708447
NBinomial	none	76	1.0	101.92106052	1.61554238742	0.573077898617
NBinomial	none	77	1.0	528.106705007	9.72748680557	0.573256108307
NBinomial	none	78	1.0	431.104978687	7.68472239832	0.575239610956
NBinomial	none	79	1.0	104.817717791	1.46008798164	0.556518037897
NBinomial	none	8	1.0	146.497863297	1.82581665847	0.566882363708
NBinomial	none	80	1.0	140.833212386	1.57884728035	0.556596404713
NBinomial	none	81	1.0	160.0677437	1.9849877672	0.567866782128
NBinomial	none	82	1.0	235.060465565	1.96766504437	0.558437149796
NBinomial	none	83	1.0	72.4752162425	1.24102219451	0.550581209029
NBinomial	none	84	1.0	79.267645116	1.29037352689	0.558429234512
NBinomial	none	85	1.0	131.437461651	1.51150574777	0.55141981705
NBinomial	none	86	1.0	398.487914361	6.12466317905	0.577884532128
NBinomial	none	87	1.0	166.543964282	1.88582462104	0.569852255608
NBinomial	none	88	1.0	126.487377105	1.74839496749	0.5667482667
NBinomial	none	89	1.0	444.709420808	6.43304156796	0.565419953664
NBinomial	none	9	1.0	102.247023506	1.51845749062	0.561726329407
NBinomial	none	90	1.0	205.401033945	2.33656185505	0.573020929987
NBinomial	none	91	1.0	104.687982534	1.46018024233	0.548886537853
NBinomial	none	92	1.0	135.49934187	1.7880937316	0.57027236084
NBinomial	none	93	1.0	815.546778802	12.0381167668	0.574453424813
NBinomial	none	94	1.0	126.557016808	1.63102270936	0.569814493379
NBinomial	none	95	1.0	99.5836244954	1.62305683279	0.563190258299
NBinomial	none	96	1.0	118.318512539	1.64411175122	0.565369089666
NBinomial	none	97	1.0	84.5555449695	1.39780220197	0.551295220054
NBinomial	none	98	1.0	94.4517623809	1.64023115008	0.560601587676
NBinomial	none	99	1.0	118.773793639	1.70969293152	0.563324760746
Normal	blom	1	1.0	3.60476345773e+23	1.14864231801	2.06176864582
Normal	blom	10	1.0	1.64956583884e+22	1.11555144719	2.04921400505
Normal	blom	100	1.0	7.68844751726e+24	1.09640395702	2.05657082425
Normal	blom	11	1.0	6.31619487429e+23	1.1294155122	2.04621292455
Normal	blom	12	1.0	2.4932604701e+20	1.14574330738	2.04441776528
Normal	blom	13	1.0	1.76368229076e+23	1.08230283311	2.0498307463
Normal	blom	14	1.0	7.12311427364e+22	1.12365859557	2.06219727995
Normal	blom	15	1.0	3.24175552869e+23	1.03383267707	2.05760471531
Normal	blom	16	1.0	3.47769185708e+22	1.16740507221	2.05616515885
Normal	blom	17	1.0	3.25381601198e+24	1.08839565983	2.05494480859
Normal	blom	18	1.0	2.30139374853e+27	1.16419315852	2.04661700636
Normal	blom	19	1.0	1.77379843606e+24	1.14452249558	2.04000591914
Normal	blom	2	0.0	1.13881924686e+25	1.07701295151	2.05998019753
Normal	blom	20	1.0	2.12920526611e+25	1.13463745436	2.05240085165
Normal	blom	21	1.0	8.87770224433e+23	1.0439556577	2.05656645407
Normal	blom	22	1.0	8.69887511593e+20	1.1237565158	2.05112427654
Normal	blom	23	1.0	2.25449515086e+21	1.07781588911	2.04355083995
Normal	blom	24	1.0	1.8358101686e+21	1.20697123213	2.04521471311
Normal	blom	25	1.0	6.77886640304e+23	1.13099719025	2.0514403693
Normal	blom	26	1.0	2.47964311937e+20	1.11834943753	2.05811856979
Normal	blom	27	1.0	1.25384544616e+24	1.16400338913	2.05107856786
Normal	blom	28	1.0	2.62882786964e+22	1.16723639	2.04339973143
Normal	blom	29	1.0	5.30832533537e+24	1.15127684703	2.04570999964
Normal	blom	3	1.0	2.97061464881e+23	1.11322813108	2.05118816011
Normal	blom	30	1.0	6.74064704518e+22	1.11240596258	2.05713049971
Normal	blom	31	1.0	1.38556395307e+23	1.11638541063	2.05348146577
Normal	blom	32	1.0	2.34243310435e+23	1.16343047514	2.04508226552
Normal	blom	33	1.0	9.69308471419e+18	1.08580772453	2.05460959066
Normal	blom	34	1.0	4.6907682957e+23	1.14030098504	2.04463372184
Normal	blom	35	1.0	2.34333093555e+22	1.09738788183	2.05279768566
Normal	blom	36	1.0	1.00370962971e+23	1.16381797578	2.03788696068
Normal	blom	37	1.0	1.96640583453e+24	1.21304926358	2.04755477814
Normal	blom	38	1.0	6.14396533641e+21	1.13971433126	2.0528987315
Normal	blom	39	1.0	7.05491114176e+24	1.12096921861	2.0507505305
Normal	blom	4	1.0	6.34528249582e+23	1.13871970641	2.0508353171
Normal	blom	40	1.0	1.32477538073e+23	1.11157601985	2.04921128873
Normal	blom	41	1.0	1.89947857082e+23	1.10860350985	2.04929099102
Normal	blom	42	1.0	3.6780347933e+22	1.11643964645	2.05279850314
Normal	blom	43	1.0	6.32789995315e+23	1.14750116226	2.05090934855
Normal	blom	44	1.0	3.78384455894e+22	1.11735528286	2.05741786994
Normal	blom	45	1.0	3.87004750922e+22	1.18764153374	2.05270866199
Normal	blom	46	1.0	7.29996487564e+23	1.10548653541	2.05021789841
Normal	blom	47	1.0	2.38016429211e+24	1.10623011966	2.05407383661
Normal	blom	48	1.0	2.59204183243e+23	1.16179134636	2.05379221999
Normal	blom	49	1.0	6.64608570252e+21	1.15617023046	2.04793729143
Normal	blom	5	1.0	1.25551012161e+22	1.13691017537	2.04821537045
Normal	blom	50	1.0	1.20972978592e+23	1.15053030174	2.04807631991
Normal	blom	51	1.0	1.63803457859e+23	1.13566619661	2.05131596666
Normal	blom	52	1.0	4.85318349725e+20	1.12578960952	2.0526392371
Normal	blom	53	1.0	1.0170352483e+24	1.09785348681	2.05516980495
Normal	blom	54	1.0	3.73971119782e+22	1.12208512034	2.05130565601
Normal	blom	55	1.0	8.7276643113e+22	1.17043867644	2.05075010893
Normal	blom	56	1.0	1.41773838199e+21	1.15971902141	2.05971290346
Normal	blom	57	1.0	1.49772088127e+22	1.15163825157	2.05040357236
Normal	blom	58	1.0	1.71214081225e+22	1.04660815495	2.04807023046
Normal	blom	59	1.0	2.02838551888e+19	1.1438348365	2.05173015648
Normal	blom	6	1.0	1.2853063202e+24	1.18904931532	2.0487313357
Normal	blom	60	1.0	3.61752536516e+24	1.09957986486	2.04175039439
Normal	blom	61	1.0	3.90059780757e+20	1.16399096377	2.04590409092
Normal	blom	62	1.0	3.38028467453e+23	1.16436803285	2.048353962
Normal	blom	63	1.0	2.14614155796e+22	1.18535589429	2.04838850409
Normal	blom	64	1.0	6.67014483717e+23	1.1166886323	2.05258700141
Normal	blom	65	1.0	8.11879237233e+23	1.19147051251	2.05698199056
Normal	blom	66	1.0	2.05627700358e+24	1.15429027407	2.0491502732
Normal	blom	67	1.0	5.5047275231e+21	1.10838698364	2.04464275999
Normal	blom	68	1.0	3.46618377858e+23	1.08244714846	2.05078299985
Normal	blom	69	1.0	5.11520045153e+21	1.13699599408	2.05737394754
Normal	blom	7	1.0	1.2130085056e+24	1.05404442089	2.05526841097
Normal	blom	70	1.0	1.15286402039e+23	1.16660947258	2.04049628046
Normal	blom	71	1.0	1.64099001288e+23	1.14584856414	2.04777645714
Normal	blom	72	1.0	4.01121707054e+26	1.1080983479	2.05275812213
Normal	blom	73	1.0	4.45279279037e+23	1.23540829657	2.0433798534
Normal	blom	74	1.0	8.19804422396e+23	1.14549248609	2.05194343098
Normal	blom	75	1.0	1.07600174426e+20	1.14697059928	2.05947081491
Normal	blom	76	1.0	1.26581359438e+20	1.07130923074	2.05519078698
Normal	blom	77	1.0	2.19387326344e+23	1.12730503011	2.05212426236
Normal	blom	78	1.0	6.04035319503e+24	1.12803423516	2.05258564547
Normal	blom	79	1.0	6.2898101658e+23	1.05427930231	2.04325465758
Normal	blom	8	1.0	1.59471598171e+23	1.16770719966	2.04598349532
Normal	blom	80	1.0	1.81433199897e+23	1.10993359069	2.06179316446
Normal	blom	81	1.0	7.68272680347e+19	1.17711536748	2.04700012099
Normal	blom	82	1.0	2.11493977579e+22	1.19271677149	2.04455832158
Normal	blom	83	1.0	3.74755885745e+23	1.1067005196	2.05631438799
Normal	blom	84	1.0	1.25377886357e+23	1.03959465675	2.05701505536
Normal	blom	85	1.0	1.17527293693e+22	1.09545259527	2.05497556033
Normal	blom	86	1.0	4.27987618342e+19	1.19692518369	2.04449202898
Normal	blom	87	1.0	3.5663222309e+22	1.20281220398	2.05928153775
Normal	blom	88	1.0	3.06621036667e+23	1.08871594831	2.05326539422
Normal	blom	89	1.0	1.16771456044e+24	1.15392773185	2.05756904899
Normal	blom	9	1.0	8.65877036539e+21	1.13426644085	2.04997947035
Normal	blom	90	1.0	2.1482719857e+23	1.12848132681	2.05046267104
Normal	blom	91	1.0	1.33984571461e+23	1.09792725115	2.04902318685
Normal	blom	92	1.0	3.35991586716e+22	1.14147231928	2.0496947276
Normal	blom	93	1.0	1.01723694492e+23	1.19592030065	2.04223115261
Normal	blom	94	1.0	2.44300307726e+23	1.14745428708	2.04706233805
Normal	blom	95	1.0	1.96168588361e+23	1.15145161962	2.04712437927
Normal	blom	96	1.0	6.35171614336e+23	1.1413368476	2.05145542653
Normal	blom	97	1.0	3.73502798347e+24	1.12970589175	2.05031459172
Normal	blom	98	1.0	5.95853668354e+22	1.16206600223	2.04217143079
Normal	blom	99	1.0	2.18912683611e+23	1.11587364289	2.05148126603
Normal	boxcox	1	0.0	3.86348787967e+23	1.44665153072	2.18659028989
Normal	boxcox	10	1.0	3.85494754133e+22	1.76838991226	2.19224540134
Normal	boxcox	100	0.999999999995	2.74740337938e+22	1.63885412311	2.16773203821
Normal	boxcox	11	1.0	6.21831113256e+24	1.72737900642	2.17513529955
Normal	boxcox	12	1.0	3.01565019049e+20	1.5957909869	2.17240936672
Normal	boxcox	13	1.0	2.37767617778e+23	1.65135610953	2.18253580243
Normal	boxcox	14	1.0	2.77285193714e+25	2.09439201631	2.17806796814
Normal	boxcox	15	0.99993048747	6.440925889e+21	1.4238685097	2.17751434742
Normal	boxcox	16	1.0	1.25605266855e+26	1.9688635057	2.17606958569
Normal	boxcox	17	1.0	9.15246003758e+24	1.6478640608	2.18534018197
Normal	boxcox	18	1.0	9.59383406582e+21	1.41620736262	2.18654243151
Normal	boxcox	19	1.0	2.85310616148e+19	1.38273507942	2.16221678657
Normal	boxcox	2	0.999999999999	5.54107990188e+24	1.60439617631	2.18275711542
Normal	boxcox	20	0.995351819638	4.19722684973e+26	1.69458450859	2.1765439315
Normal	boxcox	21	1.0	8.71699837997e+22	1.58257568866	2.17342246925
Normal	boxcox	22	1.0	2.28504181338e+26	1.48565521934	2.16996826508
Normal	boxcox	23	1.0	3.72232011359e+23	1.47744811694	2.17444628238
Normal	boxcox	24	1.0	3.84649626927e+23	1.74943795314	2.18459024294
Normal	boxcox	25	0.0	6.86288617784e+24	1.63101828381	2.18135032859
Normal	boxcox	26	1.0	2.13122748149e+23	1.47106955385	2.1745348833
Normal	boxcox	27	1.0	6.91467896704e+23	1.66486547342	2.18513894841
Normal	boxcox	28	1.0	9.01597485381e+24	1.96375930903	2.1759803735
Normal	boxcox	29	1.0	3.27089655283e+23	1.68677596339	2.17222707695
Normal	boxcox	3	1.0	3.36401956166e+22	1.61335937858	2.17718316718
Normal	boxcox	30	1.0	2.83809047323e+20	1.54518418224	2.1811558804
Normal	boxcox	31	1.0	3.24961360197e+22	1.86581856456	2.19603031659
Normal	boxcox	32	1.0	5.03916456904e+23	1.71085452008	2.18914928146
Normal	boxcox	33	1.0	5.65907542948e+25	1.83183268697	2.18417150445
Normal	boxcox	34	0.9999999913	8.72439009236e+25	1.56041789568	2.17352191067
Normal	boxcox	35	1.0	5.06214832735e+24	1.65811007818	2.17907946018
Normal	boxcox	36	1.0	1.47509569367e+25	1.49801824175	2.15747041084
Normal	boxcox	37	1.0	3.92825402723e+21	1.66117421214	2.1801810402
Normal	boxcox	38	1.0	4.23906621244e+25	1.67740995598	2.18315673308
Normal	boxcox	39	1.0	1.04079731808e+24	1.60939302801	2.17144027762
Normal	boxcox	4	1.0	4.83685217466e+23	1.96963946319	2.16754162277
Normal	boxcox	40	1.0	4.0842092841e+25	1.34912450327	2.17704103116
Normal	boxcox	41	1.0	5.79868243333e+23	1.71404004662	2.16826815684
Normal	boxcox	42	1.0	2.5461824324e+23	1.81715768	2.16011276847
Normal	boxcox	43	1.0	1.57798363336e+26	1.49638003986	2.1877117566
Normal	boxcox	44	1.0	1.48230249896e+24	1.95352057399	2.17896702936
Normal	boxcox	45	1.0	6.34586697347e+19	1.39687276997	2.18384105596
Normal	boxcox	46	1.0	1.19922950392e+24	1.86180997437	2.1714047377
Normal	boxcox	47	0.0	7.4168609226e+22	1.96683147583	2.1818100692
Normal	boxcox	48	1.0	1.27282863356e+23	2.14838099354	2.18347094132
Normal	boxcox	49	1.0	3.34758294665e+23	1.55486528059	2.17930449992
Normal	boxcox	5	1.0	2.53421944913e+25	1.94873112688	2.17602826074
Normal	boxcox	50	1.0	3.76663983782e+23	1.6590187232	2.17582181926
Normal	boxcox	51	1.0	3.01860585179e+22	1.88219256423	2.16912960149
Normal	boxcox	52	1.0	3.37412640118e+22	1.63601146769	2.1737900155
Normal	boxcox	53	1.0	2.28181278356e+24	1.92924644137	2.16495738799
Normal	boxcox	54	1.0	5.63893719081e+25	1.53115397434	2.17074245591
Normal	boxcox	55	1.0	5.09674110119e+21	1.6350708453	2.17795717124
Normal	boxcox	56	0.0	9.2019882822e+23	1.8466866437	2.1917635633
Normal	boxcox	57	1.0	1.16676453198e+21	1.70105766955	2.16527409529
Normal	boxcox	58	1.0	5.12380483764e+23	1.87842035922	2.1828723716
Normal	boxcox	59	0.0137474693678	1.76886666413e+20	1.63747417518	2.18448868448
Normal	boxcox	6	0.0102396762862	2.7573032865e+23	2.05750435867	2.18724838922
Normal	boxcox	60	1.0	1.33745829973e+25	1.41410987117	2.18090793117
Normal	boxcox	61	1.0	2.75367153937e+22	1.68563311061	2.17362886123
Normal	boxcox	62	1.0	4.51601898197e+23	1.50725486943	2.18074592052
Normal	boxcox	63	1.0	5.95712263818e+23	1.59832753635	2.18248641288
Normal	boxcox	64	1.0	7.87237920159e+22	1.85154812363	2.16656518045
Normal	boxcox	65	1.0	9.15472878016e+23	1.66396155777	2.17954484276
Normal	boxcox	66	1.0	1.56617004912e+23	2.02433474246	2.17639960015
Normal	boxcox	67	1.0	6.18563575051e+22	1.66850951737	2.17165894142
Normal	boxcox	68	1.0	4.04810754043e+22	1.29967232101	2.17656212179
Normal	boxcox	69	1.0	1.24164054744e+24	1.65592755473	2.1797330752
Normal	boxcox	7	0.998405235963	8.0521316315e+23	1.61746257739	2.18094651605
Normal	boxcox	70	1.0	1.50527865979e+26	2.1534968371	2.16462093391
Normal	boxcox	71	1.0	2.58120468188e+22	1.64424786042	2.17723040999
Normal	boxcox	72	1.0	2.84139161332e+25	1.47042137328	2.18039015834
Normal	boxcox	73	1.0	3.82602814947e+23	1.86790508053	2.17849126652
Normal	boxcox	74	1.0	3.65753362827e+26	1.55151081853	2.17628075287
Normal	boxcox	75	1.0	1.37386881148e+22	1.50392406651	2.17174909476
Normal	boxcox	76	1.0	1.8615858857e+24	1.55678536701	2.18593407003
Normal	boxcox	77	1.0	3.84276388169e+21	1.73806269875	2.1774414789
Normal	boxcox	78	1.0	1.79140184467e+23	1.6617825309	2.18024925256
Normal	boxcox	79	1.0	4.82271842507e+23	1.48332040401	2.16131497643
Normal	boxcox	8	1.0	1.70160581712e+24	1.72105156845	2.17349175739
Normal	boxcox	80	0.0	9.78227503427e+23	1.76724357193	2.1732412694
Normal	boxcox	81	1.0	3.32799626675e+22	2.10097176622	2.17008193467
Normal	boxcox	82	1.0	4.79819548161e+23	1.87814056744	2.18000031155
Normal	boxcox	83	1.0	5.28491516614e+22	1.34404225389	2.17533402903
Normal	boxcox	84	1.0	1.64158836755e+23	1.35641564971	2.1744588178
Normal	boxcox	85	1.0	1.48773829892e+25	1.76842305423	2.16613228913
Normal	boxcox	86	0.905023268021	3.99459586813e+23	1.78210095587	2.19882900562
Normal	boxcox	87	0.99999970942	5.16914762365e+23	1.8944391186	2.18970772791
Normal	boxcox	88	1.0	8.38257433773e+23	1.77344335999	2.16908910356
Normal	boxcox	89	1.0	2.21316948443e+23	1.38781453993	2.1755259863
Normal	boxcox	9	1.0	2.93368925278e+23	1.60953274323	2.16991935185
Normal	boxcox	90	0.999995824898	2.35226493334e+22	1.88343454215	2.18110664815
Normal	boxcox	91	1.0	2.61472802948e+27	1.55526857887	2.1720674086
Normal	boxcox	92	1.0	8.73544440039e+20	2.34403831383	2.17553041498
Normal	boxcox	93	1.0	5.06953453689e+25	1.80320084955	2.17281592346
Normal	boxcox	94	1.0	3.89713919727e+22	1.61087526382	2.17362642624
Normal	boxcox	95	1.0	3.69841106817e+23	1.40901975462	2.17879659893
Normal	boxcox	96	1.0	2.13289386669e+24	1.75678674688	2.1748489271
Normal	boxcox	97	1.0	2.96074218695e+23	1.46811484284	2.16962622727
Normal	boxcox	98	1.0	2.19689939452e+23	1.45844974112	2.16445402233
Normal	boxcox	99	1.0	1.82828258984e+24	1.68124360215	2.17321110392
Normal	log	1	1.0	6.74573409276e+22	1.57262997699	2.16677708883
Normal	log	10	1.0	2.76636815117e+25	2.15806731014	2.15985546453
Normal	log	100	1.0	6.69537599852e+22	1.90840715643	2.16097986835
Normal	log	11	1.0	3.47219527601e+21	1.99407897228	2.16950086598
Normal	log	12	1.0	4.18276972221e+22	1.78964374806	2.16207159197
Normal	log	13	1.0	2.40666050841e+23	1.87858711313	2.15791619399
Normal	log	14	1.0	1.3769916699e+24	2.57677802705	2.16281976915
Normal	log	15	1.0	2.50870942613e+20	1.65629012195	2.17064057462
Normal	log	16	1.0	1.54931165031e+25	2.30605520905	2.16888589879
Normal	log	17	1.0	3.60299749938e+23	1.99353189644	2.15331842545
Normal	log	18	1.0	2.45104708375e+20	1.57944002356	2.15505198618
Normal	log	19	1.0	1.43918656566e+26	1.46126221471	2.15770068134
Normal	log	2	0.0	3.71815407042e+23	1.79233053028	2.17961382971
Normal	log	20	1.0	1.76322334697e+25	2.01990279289	2.16183977186
Normal	log	21	1.0	1.35615115828e+24	1.7906873824	2.16399090432
Normal	log	22	1.0	6.43736424323e+23	1.58577019326	2.16304301209
Normal	log	23	1.0	6.77281112655e+26	1.63007633024	2.15499233849
Normal	log	24	1.0	7.68607845428e+22	2.24122920155	2.16586016353
Normal	log	25	1.0	1.88780057275e+23	1.89329649863	2.16615645552
Normal	log	26	1.0	9.219412563e+23	1.63076892848	2.16270281115
Normal	log	27	1.0	4.41268049818e+24	1.87736024119	2.17044705858
Normal	log	28	1.0	1.5255597181e+21	2.37963745341	2.16511253261
Normal	log	29	1.0	2.09366569123e+22	1.90140338608	2.15829058882
Normal	log	3	1.0	1.54242542081e+22	1.78199037182	2.15792434022
Normal	log	30	1.0	1.69220981387e+25	1.67808061501	2.17755499433
Normal	log	31	1.0	2.26963484964e+26	2.13624363034	2.16777012558
Normal	log	32	1.0	2.62416290747e+23	2.03891807888	2.17282735243
Normal	log	33	1.0	6.00274753323e+22	2.15903514077	2.17213771615
Normal	log	34	1.0	1.14508723558e+24	1.69227030336	2.16345081585
Normal	log	35	1.0	1.6513607357e+23	2.05195472829	2.16554270486
Normal	log	36	1.0	4.17303118985e+23	1.68159509968	2.15698354817
Normal	log	37	1.0	5.90312559333e+24	1.90116581721	2.16895865349
Normal	log	38	1.0	3.10839711729e+22	1.85180852945	2.17066843396
Normal	log	39	1.0	6.17092446028e+23	1.97585769937	2.15204045949
Normal	log	4	1.0	3.23998705571e+26	2.27310549813	2.15896136747
Normal	log	40	1.0	6.56762751256e+24	1.41350871167	2.1682103373
Normal	log	41	1.0	1.14950264915e+25	2.12697010911	2.15880238912
Normal	log	42	1.0	1.05407846274e+23	2.23476142991	2.15284478799
Normal	log	43	1.0	2.87808286779e+23	1.8256605009	2.16151920906
Normal	log	44	1.0	6.94769112711e+25	2.31587001673	2.17213324024
Normal	log	45	1.0	1.45705694544e+24	1.50270306209	2.1592191331
Normal	log	46	1.0	1.24663627583e+25	2.08627545595	2.16054438436
Normal	log	47	1.0	6.67935156711e+24	2.50231840077	2.16834797843
Normal	log	48	1.0	3.96007028663e+24	2.66093059342	2.16670869455
Normal	log	49	1.0	8.76040277602e+23	1.88909227231	2.17234421654
Normal	log	5	1.0	2.2316643746e+23	2.25409650911	2.16095119866
Normal	log	50	1.0	3.01609209774e+23	1.94748366904	2.16815928052
Normal	log	51	1.0	4.25461421405e+24	2.19289317763	2.1670608722
Normal	log	52	1.0	2.41646653457e+24	1.88387244807	2.1607036902
Normal	log	53	1.0	1.41817196546e+24	2.33530840367	2.15196368637
Normal	log	54	1.0	1.62760737808e+22	1.66422572387	2.16104845355
Normal	log	55	1.0	8.37965792261e+23	1.86995660679	2.16532014479
Normal	log	56	1.0	1.49969131265e+22	2.07004770113	2.17530724604
Normal	log	57	1.0	1.31584128352e+22	1.91089749356	2.15779498644
Normal	log	58	1.0	6.02535658832e+24	2.28497980092	2.16223307358
Normal	log	59	1.0	1.89325991815e+21	1.9697450625	2.1567672769
Normal	log	6	1.0	2.47857782473e+26	2.43800955515	2.15919275098
Normal	log	60	1.0	4.92646951361e+23	1.54524219834	2.15109837359
Normal	log	61	1.0	3.72156410041e+23	2.00836941604	2.16099397508
Normal	log	62	1.0	1.07432609474e+26	1.69539343853	2.16767476598
Normal	log	63	1.0	8.07602535644e+23	1.85935982661	2.16509331812
Normal	log	64	1.0	2.26018844459e+25	2.24583895018	2.15286843436
Normal	log	65	1.0	2.10462971615e+25	1.89685955435	2.17053458913
Normal	log	66	1.0	3.3406461491e+25	2.50112923774	2.1615115144
Normal	log	67	1.0	2.18787263033e+20	1.78096475781	2.17015961974
Normal	log	68	1.0	8.83466541394e+23	1.3576049695	2.16469030777
Normal	log	69	1.0	6.37505101479e+23	1.8218576053	2.16485452071
Normal	log	7	1.0	1.3489814206e+23	1.83638349503	2.15542616173
Normal	log	70	1.0	4.31258339807e+22	2.53048112353	2.14980595639
Normal	log	71	1.0	3.93501544996e+23	1.76571943933	2.15851546082
Normal	log	72	1.0	2.16225204668e+24	1.58484962863	2.16264921072
Normal	log	73	1.0	1.2791449863e+27	2.21423333728	2.1678865088
Normal	log	74	1.0	2.74587157628e+24	1.80817212044	2.16742790775
Normal	log	75	1.0	1.41521227903e+20	1.77520215189	2.16234762579
Normal	log	76	1.0	1.64983483182e+23	1.75789568451	2.17818629477
Normal	log	77	1.0	4.77928496192e+25	2.06694394826	2.16835795249
Normal	log	78	1.0	6.21922795397e+22	1.91819004386	2.17098340992
Normal	log	79	1.0	2.90506826331e+23	1.73901335823	2.16087962711
Normal	log	8	1.0	6.17467502578e+24	2.1052145473	2.16348539263
Normal	log	80	1.0	3.36655023083e+25	2.12751363295	2.16512264836
Normal	log	81	1.0	6.32439739523e+23	2.55079821877	2.16293868281
Normal	log	82	1.0	1.69141518076e+23	2.4309799088	2.15412072591
Normal	log	83	1.0	1.48642732645e+26	1.40306060017	2.15569099862
Normal	log	84	1.0	7.08355361437e+23	1.52247233342	2.1663036043
Normal	log	85	1.0	3.75158187946e+23	2.12442699313	2.14910286735
Normal	log	86	1.0	9.35186970833e+22	2.09378064677	2.16634744733
Normal	log	87	1.0	3.15552361304e+22	2.42371727933	2.16206722419
Normal	log	88	1.0	4.97111028207e+23	2.02569901654	2.16436711617
Normal	log	89	1.0	3.89978178959e+24	1.48283700372	2.16983864556
Normal	log	9	1.0	9.89719204438e+22	1.80960181781	2.16171241232
Normal	log	90	1.0	9.39143620728e+20	2.44551970115	2.16712344928
Normal	log	91	1.0	1.8232865734e+24	1.75678268807	2.15710065384
Normal	log	92	1.0	2.47866226665e+22	2.99884940937	2.16156334362
Normal	log	93	1.0	9.56082737492e+24	2.3767940692	2.17302704313
Normal	log	94	1.0	6.28352440467e+24	1.79006436966	2.16293354714
Normal	log	95	1.0	7.57779788442e+26	1.50892854377	2.16061050898
Normal	log	96	1.0	3.73260066948e+27	2.03312021245	2.16342077955
Normal	log	97	1.0	1.36546360026e+25	1.66945335059	2.15783355996
Normal	log	98	1.0	5.34561569456e+23	1.64299476314	2.15237692595
Normal	log	99	1.0	5.53516913161e+23	1.95466846699	2.15727253976
Normal	voom	1	1.0	9.51940242851e+25	1.04792253917	2.20608001927
Normal	voom	10	1.0	8.93104998382e+23	1.09011318573	2.19206189857
Normal	voom	100	1.0	2.7933248326e+22	1.05946588954	2.18552296475
Normal	voom	11	1.0	2.58561624341e+24	1.15112138006	2.20023690261
Normal	voom	12	1.0	4.03002620302e+23	1.13385307172	2.19410708803
Normal	voom	13	1.0	6.60924855961e+24	1.09739675032	2.19614118517
Normal	voom	14	1.0	3.13626587902e+24	1.25942452499	2.20841517887
Normal	voom	15	1.0	2.4884952807e+19	0.96917505929	2.17548859319
Normal	voom	16	1.0	3.26021236773e+23	1.08930051476	2.16996753569
Normal	voom	17	1.0	8.50937882938e+22	1.04551690534	2.16984831978
Normal	voom	18	1.0	1.26446505531e+24	1.18380289866	2.19296613398
Normal	voom	19	1.0	3.70791293533e+24	1.04514673	2.18412976863
Normal	voom	2	0.0	5.58484006994e+21	1.09603592265	2.18956923164
Normal	voom	20	1.0	4.77702951075e+28	1.08522834512	2.1933787696
Normal	voom	21	1.0	9.66070651062e+22	1.1115012511	2.19602026605
Normal	voom	22	1.0	4.57654748419e+22	1.08596770713	2.20065880151
Normal	voom	23	1.0	1.00769812474e+21	1.02794392605	2.17065574511
Normal	voom	24	1.0	5.09036281263e+23	1.12639266975	2.19312795386
Normal	voom	25	1.0	2.40202815444e+20	0.991246088042	2.18904032322
Normal	voom	26	1.0	2.67422986236e+23	1.11017948464	2.21025455794
Normal	voom	27	1.0	1.27409555263e+23	1.25317999844	2.20613134615
Normal	voom	28	1.0	6.4055373433e+20	1.15566603514	2.18190452307
Normal	voom	29	1.0	3.55126830358e+24	1.21998415882	2.17940985291
Normal	voom	3	1.0	1.41947253984e+25	1.0938155865	2.17743143269
Normal	voom	30	1.0	1.11195425158e+22	1.095136069	2.20144138801
Normal	voom	31	1.0	4.00921024532e+19	1.0867588634	2.19227000733
Normal	voom	32	1.0	1.87221018135e+22	1.08340751649	2.18126278172
Normal	voom	33	1.0	4.93961746749e+24	1.11948675959	2.19289712971
Normal	voom	34	1.0	2.57023386372e+25	1.00209509285	2.15612838747
Normal	voom	35	1.0	9.37764061845e+21	1.02329438861	2.16827568235
Normal	voom	36	1.0	2.93371997401e+22	1.03456605224	2.16690222314
Normal	voom	37	1.0	8.67023974032e+20	1.12411154504	2.18577720312
Normal	voom	38	1.0	1.29298346307e+26	1.16373473789	2.21317180475
Normal	voom	39	1.0	7.24040967874e+23	0.98510982462	2.17925507686
Normal	voom	4	1.0	4.83110467594e+22	1.05356707663	2.18981551688
Normal	voom	40	1.0	1.69816860072e+22	1.06751279978	2.19958337767
Normal	voom	41	1.0	2.4810839916e+21	1.07250625193	2.17561040059
Normal	voom	42	1.0	3.36147215526e+22	1.12756249961	2.1792663003
Normal	voom	43	1.0	2.22377222015e+25	0.953974008014	2.19502815418
Normal	voom	44	1.0	8.55733771794e+22	1.2000782728	2.19887520348
Normal	voom	45	1.0	1.61190691275e+22	1.12635651266	2.20426265786
Normal	voom	46	1.0	2.35282126593e+22	1.12313203597	2.17393916285
Normal	voom	47	1.0	5.15581657159e+22	1.20778749831	2.22019161008
Normal	voom	48	1.0	5.57189848343e+23	1.1659113908	2.18284056778
Normal	voom	49	1.0	4.84128374124e+20	1.02683537211	2.18782296001
Normal	voom	5	1.0	3.37586688338e+23	1.07884962474	2.17713230786
Normal	voom	50	1.0	1.31572329901e+23	1.12675934891	2.20260750945
Normal	voom	51	1.0	2.04027112047e+21	1.16910152511	2.19765718287
Normal	voom	52	1.0	2.33292183642e+25	1.22489708957	2.21941823573
Normal	voom	53	1.0	1.57301260394e+22	1.15507433493	2.19574784075
Normal	voom	54	1.0	5.61999834807e+23	1.07313740322	2.19181049946
Normal	voom	55	1.0	7.64654011101e+21	1.10001416151	2.19976245093
Normal	voom	56	1.0	2.98232137338e+28	1.17268260598	2.20064123503
Normal	voom	57	1.0	2.50967007086e+20	1.22892938352	2.2109205745
Normal	voom	58	1.0	2.02959656674e+23	1.01777024982	2.1756842331
Normal	voom	59	1.0	3.60813401784e+20	1.16642543341	2.21188881823
Normal	voom	6	1.0	8.18419002297e+26	1.23002307517	2.21806161609
Normal	voom	60	1.0	3.57904553474e+24	0.98299416871	2.17092506391
Normal	voom	61	1.0	1.33520325686e+21	1.05526742039	2.19462455695
Normal	voom	62	1.0	7.83950201191e+22	1.23014387065	2.20796518353
Normal	voom	63	1.0	7.39281638648e+22	1.17548977328	2.214523363
Normal	voom	64	1.0	3.64055936068e+20	1.12934774991	2.19253408491
Normal	voom	65	1.0	1.55463274239e+24	1.13997615434	2.21091044382
Normal	voom	66	1.0	2.51569007328e+23	1.16825596196	2.18109188265
Normal	voom	67	1.0	5.97235644344e+21	1.17425220147	2.18046393319
Normal	voom	68	1.0	1.5913237075e+25	1.12061949292	2.21254730866
Normal	voom	69	1.0	1.65768716865e+23	1.11534540365	2.211535581
Normal	voom	7	1.0	5.58047688437e+25	1.07604977955	2.18005791445
Normal	voom	70	1.0	1.75732848774e+23	1.10164998434	2.18917073354
Normal	voom	71	1.0	4.79101683552e+20	1.16082476583	2.18746156299
Normal	voom	72	1.0	2.23336610188e+20	1.01948674377	2.18379522167
Normal	voom	73	1.0	3.50142555631e+24	1.25361639078	2.21114107708
Normal	voom	74	1.0	3.74702001268e+22	1.06774477271	2.15652541167
Normal	voom	75	1.0	3.59338102149e+21	1.16405733463	2.22428104501
Normal	voom	76	1.0	3.59920987248e+26	1.11591940225	2.20722559554
Normal	voom	77	1.0	2.03701357847e+24	1.14862023393	2.18624946126
Normal	voom	78	1.0	1.51745381183e+23	1.1293560229	2.19866651835
Normal	voom	79	1.0	1.73346710478e+24	1.00180238317	2.1662665598
Normal	voom	8	1.0	4.97959735045e+22	1.1586479587	2.18978905737
Normal	voom	80	1.0	4.21469970873e+24	1.13140679274	2.20018032876
Normal	voom	81	1.0	2.04960553312e+24	1.10372390799	2.20038931131
Normal	voom	82	1.0	1.29755333633e+22	1.08082488519	2.18211746551
Normal	voom	83	1.0	2.25481952215e+20	1.05128707987	2.19161422906
Normal	voom	84	1.0	2.05781149359e+23	1.11234467631	2.20277723039
Normal	voom	85	1.0	8.91846628306e+23	1.07325431917	2.17105174889
Normal	voom	86	1.0	1.55272120089e+20	1.04060171403	2.17838662056
Normal	voom	87	1.0	1.40619215697e+19	1.21945408643	2.20418349935
Normal	voom	88	1.0	2.27139982161e+23	1.09805517652	2.16210923863
Normal	voom	89	1.0	2.10042968372e+22	1.09495419244	2.19369966325
Normal	voom	9	1.0	2.29353792404e+19	1.1088646205	2.19799918314
Normal	voom	90	1.0	3.17851874108e+23	1.26420799883	2.20061583245
Normal	voom	91	1.0	4.06936817832e+24	1.04218958184	2.19203586886
Normal	voom	92	1.0	2.10116739697e+21	1.09305396115	2.1793667943
Normal	voom	93	1.0	1.52840921408e+23	1.05389399965	2.17683253901
Normal	voom	94	1.0	5.75486701346e+21	1.11292060031	2.18006336145
Normal	voom	95	1.0	1.17413461423e+22	1.05686811378	2.18545136766
Normal	voom	96	1.0	5.80512491753e+21	1.18071725617	2.20696406669
Normal	voom	97	1.0	1.92565147189e+20	1.1314535196	2.19156213367
Normal	voom	98	1.0	2.76105754177e+23	1.09022070757	2.18213393872
Normal	voom	99	1.0	4.13992189848e+23	1.14818195352	2.17287030449
Poisson	none	1	1.0	512.140024866	255.197436653	0.543756257859
Poisson	none	10	1.0	698.250493231	246.885838705	0.553618416115
Poisson	none	100	1.0	3764.99250935	291.377950714	0.548405354154
Poisson	none	11	1.0	660.777471808	329.449020431	0.554773474716
Poisson	none	12	1.0	784.170768305	264.758968566	0.561575215323
Poisson	none	13	1.0	404.690606173	254.471317826	0.562944233205
Poisson	none	14	1.0	1159.50575946	348.500215565	0.566600019062
Poisson	none	15	1.0	500.122666395	218.693211856	0.549543748927
Poisson	none	16	1.0	730.9410813	222.650199528	0.566084320407
Poisson	none	17	1.0	793.508913944	255.88382835	0.545981395902
Poisson	none	18	1.0	467.162510843	343.179528122	0.554317482105
Poisson	none	19	1.0	323.910927918	259.153012679	0.553224577638
Poisson	none	2	1.0	507.321297114	248.188127956	0.56358081644
Poisson	none	20	1.0	1878.94785141	239.254747258	0.560750354784
Poisson	none	21	1.0	518.325385002	284.291643544	0.555141252648
Poisson	none	22	1.0	327.27248522	229.223205317	0.56172987933
Poisson	none	23	1.0	530.338743914	227.358858345	0.555035274945
Poisson	none	24	1.0	2629.38829424	269.210027463	0.573011892179
Poisson	none	25	1.0	2160.45525973	228.484683661	0.55580307565
Poisson	none	26	1.0	3681.90477199	249.838818958	0.55776189991
Poisson	none	27	1.0	462.161072618	288.421595505	0.565849434503
Poisson	none	28	1.0	1042.05350472	293.922165112	0.565960754288
Poisson	none	29	1.0	558.379357399	263.210446434	0.557260263628
Poisson	none	3	1.0	498.325296733	292.717359191	0.550736076496
Poisson	none	30	1.0	347.676110996	279.238252498	0.563972261078
Poisson	none	31	1.0	857.405255562	305.312206153	0.558931732369
Poisson	none	32	1.0	1915.77183522	298.342527774	0.570384232146
Poisson	none	33	1.0	2268.17917644	303.985422508	0.559327932802
Poisson	none	34	1.0	448.179335915	234.600120471	0.559848196074
Poisson	none	35	1.0	1038.00071423	218.691478349	0.555502018546
Poisson	none	36	1.0	519.461536302	262.462832119	0.5451007426
Poisson	none	37	1.0	2647.4446012	346.522345733	0.565965461017
Poisson	none	38	1.0	1302.96633717	262.05033483	0.565819633296
Poisson	none	39	1.0	994.302205169	330.924969441	0.542180424512
Poisson	none	4	1.0	723.562504973	212.19978293	0.552180694021
Poisson	none	40	1.0	357.722548059	292.716025034	0.55408642487
Poisson	none	41	1.0	640.438863612	246.327902192	0.556718551864
Poisson	none	42	1.0	753.28470476	268.712909488	0.550881717407
Poisson	none	43	1.0	953.007231312	255.15436428	0.550634541144
Poisson	none	44	1.0	800.355928596	264.171194998	0.564933162238
Poisson	none	45	1.0	1055.95396921	277.101322798	0.550304164685
Poisson	none	46	1.0	674.739042011	282.615573719	0.556367128959
Poisson	none	47	1.0	1259.23087624	364.550612105	0.553142021077
Poisson	none	48	1.0	1746.66963306	316.860121067	0.567271951113
Poisson	none	49	1.0	3397.30373215	271.714521546	0.563829511902
Poisson	none	5	1.0	1583.6303094	245.466396242	0.564073926851
Poisson	none	50	1.0	734.297538838	242.339534551	0.564107268384
Poisson	none	51	1.0	647.121945856	344.425510498	0.55938167657
Poisson	none	52	1.0	2972.79901047	348.297913696	0.562049180129
Poisson	none	53	1.0	893.900554715	300.865058841	0.552132048595
Poisson	none	54	1.0	352.372217274	257.934730587	0.554856317674
Poisson	none	55	1.0	1765.46569567	291.631197221	0.563501970482
Poisson	none	56	1.0	1451.47715906	244.779602848	0.573494125718
Poisson	none	57	1.0	556.376639599	291.824735498	0.548604685525
Poisson	none	58	1.0	704.22326167	255.146979231	0.554806368143
Poisson	none	59	1.0	587.787949737	300.67562948	0.548176279968
Poisson	none	6	1.0	5061.87155587	329.28011634	0.557480355167
Poisson	none	60	1.0	461.400391699	235.845003639	0.551323497688
Poisson	none	61	1.0	4683.55344665	302.126645796	0.544999711572
Poisson	none	62	1.0	1101.93205566	318.742691718	0.562064990486
Poisson	none	63	1.0	3561.82991804	299.480295779	0.56551622103
Poisson	none	64	1.0	984.715709565	256.554934181	0.543158188611
Poisson	none	65	1.0	2067.64965644	260.801903365	0.556017414408
Poisson	none	66	1.0	1045.78244484	315.192036899	0.568375740824
Poisson	none	67	1.0	448.965921747	250.790600292	0.563751217197
Poisson	none	68	1.0	933.233087591	248.318274673	0.548021498202
Poisson	none	69	1.0	587.382051638	255.240795501	0.56341147471
Poisson	none	7	1.0	592.383910135	296.597689437	0.553321476256
Poisson	none	70	1.0	883.546496971	310.730813829	0.54726698886
Poisson	none	71	1.0	479.274228493	266.737983824	0.556074574289
Poisson	none	72	1.0	502.542490928	280.36515842	0.560215833842
Poisson	none	73	1.0	3234.43078763	344.200228667	0.548589879844
Poisson	none	74	1.0	690.716048573	262.424212087	0.550108655251
Poisson	none	75	1.0	2063.94407502	345.664493905	0.554890478391
Poisson	none	76	1.0	591.9220372	240.985879609	0.565355281453
Poisson	none	77	1.0	1602.04314734	370.859205143	0.566733148962
Poisson	none	78	1.0	3574.30783528	288.761956576	0.567926926123
Poisson	none	79	1.0	519.639115736	261.84549568	0.548850580903
Poisson	none	8	1.0	1013.23765304	318.951278878	0.560194212778
Poisson	none	80	1.0	804.877569869	262.737343766	0.549185053655
Poisson	none	81	1.0	996.057564523	296.320642817	0.562810441354
Poisson	none	82	1.0	1291.190679	349.071928045	0.550845735322
Poisson	none	83	1.0	290.253836992	273.001914104	0.542465024907
Poisson	none	84	1.0	495.060858716	269.053143909	0.55029274975
Poisson	none	85	1.0	739.190612084	224.791905655	0.541791435258
Poisson	none	86	1.0	1988.22063005	301.124028844	0.570721240142
Poisson	none	87	1.0	1047.41993345	358.053847802	0.563374613961
Poisson	none	88	1.0	752.952742846	274.857734725	0.55994656247
Poisson	none	89	1.0	2417.73331918	297.227094015	0.558368156619
Poisson	none	9	1.0	620.544470851	284.599089752	0.553513435418
Poisson	none	90	1.0	1254.42848666	274.437349565	0.566885433623
Poisson	none	91	1.0	491.599679365	251.4056816	0.540937322278
Poisson	none	92	1.0	1366.59640784	221.945337382	0.56270616625
Poisson	none	93	1.0	3741.4921845	334.854413548	0.568621871446
Poisson	none	94	1.0	657.780905652	279.087110959	0.562116694199
Poisson	none	95	1.0	368.802707328	264.625254859	0.554426709119
Poisson	none	96	1.0	720.604531922	264.27345845	0.557048026133
Poisson	none	97	1.0	431.985691119	283.44745726	0.542806894781
Poisson	none	98	1.0	448.679412751	302.104189405	0.553097876581
Poisson	none	99	1.0	557.482808471	315.475839518	0.555621700838
