NSAMPLES	MODEL	TRANS	REP	R2	X2	X2p	X2c	nMSE	PCC	RHO
430	Binomial	none	1	0.0	271.445941321	282.640341572	282.863210374	0.451294222457	0.97289541155	0.848961058829
430	Binomial	none	10	1.0	335.125254196	349.292444604	349.592872135	0.451504499678	0.971365232765	0.845758128031
430	Binomial	none	100	0.0	199.312345105	207.830171241	208.154494729	0.438970295827	0.975383106761	0.853805882829
430	Binomial	none	11	1.0	175.873465328	181.639673086	181.757586327	0.424747685862	0.977457203405	0.861533616317
430	Binomial	none	12	1.0	207.074286854	214.640768926	214.807516979	0.411931470747	0.977470394325	0.863751655728
430	Binomial	none	13	1.0	250.309184616	259.447954958	259.553364579	0.438626758287	0.9741283877	0.854043129082
430	Binomial	none	14	1.0	661.935997069	670.720978641	670.839862823	0.441899458024	0.973900568251	0.850157178185
430	Binomial	none	15	1.0	161.962717913	168.380895078	168.314777262	0.420745583722	0.978154364191	0.859786965428
430	Binomial	none	16	1.0	221.756414508	229.534525515	229.618822594	0.443269123767	0.972521740299	0.853619336768
430	Binomial	none	17	0.0	236.716263809	245.452158533	245.859524608	0.461471487398	0.969897058108	0.845497739318
430	Binomial	none	18	1.0	288.379073044	300.454270032	300.717069738	0.443989784969	0.97344058936	0.849012642131
430	Binomial	none	19	1.0	442.640448362	450.623840827	450.772493375	0.448602124147	0.972228289108	0.847783167911
430	Binomial	none	2	1.0	218.716182063	226.775610579	226.973880461	0.429310715337	0.974860989846	0.856673093564
430	Binomial	none	20	1.0	289.570748274	300.993501161	301.353192301	0.431320474953	0.975783552196	0.853804129669
430	Binomial	none	21	1.0	166.738026328	172.329846949	172.256224646	0.427931453511	0.976375156807	0.852074567009
430	Binomial	none	22	1.0	303.314236783	312.911175615	313.05471337	0.437439873834	0.972192265394	0.852520833025
430	Binomial	none	23	1.0	209.654798381	218.447787493	218.669167419	0.413322178922	0.974975524286	0.862663878812
430	Binomial	none	24	1.0	196.488097602	203.010868779	203.132423954	0.416571936757	0.976383874046	0.861286872269
430	Binomial	none	25	1.0	212.199184749	219.944302003	220.195647054	0.413454828339	0.977542313642	0.867143905574
430	Binomial	none	26	1.0	172.791355607	180.284857577	180.418155859	0.440055578574	0.977114101647	0.853389462357
430	Binomial	none	27	1.0	243.32018783	252.934869201	253.279606422	0.451967734373	0.97050018186	0.844242089418
430	Binomial	none	28	0.0	291.253105101	302.879767769	303.301949648	0.435266386993	0.972153456043	0.853982990593
430	Binomial	none	29	0.0	220.708662004	229.492192365	229.80108813	0.435387332607	0.975111797385	0.855087022263
430	Binomial	none	3	0.0	250.992827492	260.816853042	261.19044814	0.431895850877	0.971248924492	0.856183389548
430	Binomial	none	30	1.0	238.763678376	247.541942489	247.711051119	0.406716996921	0.975928547687	0.868317270061
430	Binomial	none	31	0.0	139.275744871	144.353044341	144.666530433	0.425524411916	0.976066106281	0.857248195909
430	Binomial	none	32	1.0	195.233776246	203.014648975	203.24117572	0.441538343791	0.97442482284	0.853537922471
430	Binomial	none	33	1.0	202.591571748	210.225776379	210.475584049	0.424642417779	0.974749020588	0.857944191794
430	Binomial	none	34	1.0	233.301134507	242.069361966	242.201844528	0.44533489318	0.974532983887	0.850700803166
430	Binomial	none	35	1.0	231.353129311	240.169315868	240.340672383	0.422402204008	0.974223777924	0.85836008265
430	Binomial	none	36	1.0	160.658513635	167.171279513	167.278650783	0.427008867105	0.976687109389	0.857912618491
430	Binomial	none	37	0.0	277.513526909	287.058527415	287.395082125	0.414312685599	0.974222174039	0.861868280137
430	Binomial	none	38	1.0	307.116121199	319.030151483	319.154191907	0.419484285167	0.975204113991	0.860523757143
430	Binomial	none	39	1.0	202.643555011	209.084056006	209.351173512	0.440901958594	0.97077552477	0.850570634418
430	Binomial	none	4	1.0	279.895052841	290.095950761	290.317081971	0.457558257871	0.971602713103	0.844566517664
430	Binomial	none	40	1.0	317.082024494	330.713511539	330.957476883	0.422222408404	0.973782443798	0.858639321748
430	Binomial	none	41	1.0	222.101432737	229.941279817	229.982176587	0.42758809593	0.978272684254	0.857733806363
430	Binomial	none	42	1.0	231.827425784	242.181712994	242.425486624	0.422373225318	0.976819473291	0.856475580153
430	Binomial	none	43	1.0	347.570921501	357.761270652	357.591128552	0.447108070461	0.976537645404	0.852621896447
430	Binomial	none	44	1.0	233.481315643	240.611979818	240.637359201	0.427546861854	0.97531308101	0.855316964119
430	Binomial	none	45	1.0	278.737810619	289.296680742	289.533680196	0.433091443127	0.975585901964	0.854805809855
430	Binomial	none	46	1.0	224.481149545	231.333231246	231.278812509	0.420429462802	0.977798975736	0.862112002666
430	Binomial	none	47	1.0	283.17150099	293.386399263	293.719262598	0.439908024006	0.975142904915	0.854230586501
430	Binomial	none	48	1.0	264.501186866	272.527013122	272.657271977	0.435598317559	0.973933540397	0.851993777803
430	Binomial	none	49	1.0	182.579949741	189.098493186	189.361396513	0.436103100019	0.975299642671	0.855362986825
430	Binomial	none	5	0.0	302.459825559	308.95060768	308.781230415	0.436095207847	0.976820079338	0.855744229347
430	Binomial	none	50	1.0	180.710204931	188.44024934	188.6677424	0.447473789042	0.976217062758	0.850998014353
430	Binomial	none	51	1.0	257.392775993	268.045417288	268.375655916	0.426083257688	0.974872048738	0.858383755887
430	Binomial	none	52	1.0	331.140039297	342.604808089	342.924563755	0.44571090764	0.970888998051	0.847596937156
430	Binomial	none	53	0.0	196.612021182	204.149255839	204.284705216	0.431178643982	0.974841440946	0.852981014449
430	Binomial	none	54	1.0	158.803420962	164.206587532	164.359527839	0.45282544645	0.974116099889	0.84541448922
430	Binomial	none	55	1.0	220.701462781	229.884230863	229.94530397	0.423795462657	0.977961945893	0.85698265855
430	Binomial	none	56	1.0	254.790820608	263.989193003	264.171819475	0.419711724753	0.976156694956	0.857910115758
430	Binomial	none	57	1.0	197.44073817	205.730377963	205.904682509	0.437117287797	0.976697083882	0.856039944185
430	Binomial	none	58	1.0	261.120234472	269.797035781	269.920309886	0.436166430861	0.975374025536	0.855533170397
430	Binomial	none	59	0.0	261.955414329	273.665593435	273.827190733	0.424315889774	0.975492908625	0.857963870502
430	Binomial	none	6	0.0	258.164725516	267.879733223	268.164036094	0.425702613585	0.973508677176	0.856843555507
430	Binomial	none	60	0.0	269.540129661	278.16959905	278.295285724	0.417505491124	0.974816481025	0.860061803995
430	Binomial	none	61	1.0	370.248571384	380.46696771	380.486752963	0.443248183508	0.974853983491	0.850898644072
430	Binomial	none	62	1.0	198.850008657	206.471457955	206.595073696	0.429004165246	0.975428940638	0.858165630278
430	Binomial	none	63	1.0	253.493290786	263.85651372	264.230702333	0.422867669903	0.973231842774	0.859112817268
430	Binomial	none	64	1.0	240.11243306	248.511502823	248.775831271	0.425852843808	0.973529053908	0.855738533983
430	Binomial	none	65	1.0	262.129829867	271.413220521	271.488498923	0.424213316794	0.974311870901	0.857423615849
430	Binomial	none	66	1.0	218.550750283	226.768822179	227.029971968	0.424171893826	0.974683740601	0.858033869469
430	Binomial	none	67	1.0	204.213836517	211.653967696	211.957376743	0.419412217121	0.973829610278	0.85903305089
430	Binomial	none	68	1.0	376.699962341	385.505299536	385.425652657	0.440397173324	0.977366580749	0.856714319577
430	Binomial	none	69	1.0	277.792836073	285.089624726	284.935499422	0.442349546997	0.977574041133	0.855647267527
430	Binomial	none	7	1.0	192.205890851	198.655745004	198.940238537	0.421156372629	0.975616188061	0.859818622817
430	Binomial	none	70	1.0	270.596489514	281.055805477	281.304727288	0.430680795449	0.97384674688	0.855028881359
430	Binomial	none	71	1.0	261.565167231	270.261465536	270.446415755	0.429918406947	0.973472980495	0.855279864441
430	Binomial	none	72	1.0	237.475844271	245.441387658	245.415012227	0.416177699446	0.976023593751	0.859416347525
430	Binomial	none	73	1.0	381.021387825	394.121064693	394.332250803	0.431897515073	0.974261748809	0.855297687866
430	Binomial	none	74	1.0	235.424078374	243.566184533	243.817238834	0.420494329723	0.9761051542	0.85869751753
430	Binomial	none	75	1.0	179.805656538	186.630375758	186.906313218	0.444024572202	0.974054783696	0.852835542545
430	Binomial	none	76	1.0	218.850013964	226.058946563	226.014942793	0.443863295346	0.9745415899	0.848413832637
430	Binomial	none	77	1.0	271.10133363	282.60410052	282.748230445	0.422537205987	0.976587614848	0.860790551479
430	Binomial	none	78	1.0	238.933443082	246.194755288	246.524209185	0.442601350321	0.971868774986	0.851202587518
430	Binomial	none	79	1.0	290.015607135	301.939485385	302.091174431	0.435564231334	0.974515364936	0.85307384423
430	Binomial	none	8	1.0	207.500041762	214.496415308	214.781501407	0.432566090727	0.97386969914	0.856880496067
430	Binomial	none	80	1.0	179.342654474	185.358097882	185.688411731	0.439490743386	0.972857025105	0.85181684295
430	Binomial	none	81	1.0	215.180407753	224.139090795	224.159092028	0.427685627012	0.977828460241	0.858047715503
430	Binomial	none	82	1.0	195.658527056	202.588829687	202.580858548	0.429307694507	0.977861504049	0.856640118986
430	Binomial	none	83	1.0	320.305317954	334.697509899	334.890908574	0.431217604475	0.976168842417	0.857919328029
430	Binomial	none	84	1.0	171.54190938	177.5742941	177.739612296	0.432733435473	0.977334094429	0.855028875563
430	Binomial	none	85	0.990064008185	206.179348648	212.581554618	212.590312546	0.409842122669	0.976923314512	0.865265100779
430	Binomial	none	86	1.0	211.179889939	218.278361942	218.557727184	0.433174442539	0.974558216461	0.855587310075
430	Binomial	none	87	1.0	364.727574087	369.778696753	369.829360332	0.419697465773	0.976805989925	0.862367554194
430	Binomial	none	88	1.0	279.619836675	290.555997893	290.794025791	0.470859608582	0.96890221459	0.837525024153
430	Binomial	none	89	1.0	191.839252258	199.886190847	200.027272703	0.444653170529	0.976697517843	0.849651510261
430	Binomial	none	9	1.0	275.420243176	281.884767118	281.93170034	0.436825379373	0.975882485839	0.856833075808
430	Binomial	none	90	1.0	218.218412851	227.648888945	227.898659671	0.40324771685	0.977947338874	0.868334445679
430	Binomial	none	91	1.0	276.283517768	285.38608697	285.436549379	0.415730643642	0.973960228799	0.860750217511
430	Binomial	none	92	1.0	358.073486693	368.257030702	368.346189958	0.441123404278	0.973556501755	0.850369790556
430	Binomial	none	93	1.0	214.606876023	222.765785526	223.098858978	0.414820607701	0.976613272908	0.862093843375
430	Binomial	none	94	1.0	207.657036231	216.447132349	216.658086985	0.420988101996	0.976584967356	0.860482844613
430	Binomial	none	95	1.0	179.403578068	186.244028399	186.315221326	0.43255446163	0.97831696112	0.858421833905
430	Binomial	none	96	0.0	253.641616018	262.069835659	262.284476916	0.416048735	0.976682897984	0.863051502559
430	Binomial	none	97	0.0	246.054375365	256.658467894	256.959588746	0.447700866312	0.970757834073	0.851213374976
430	Binomial	none	98	1.0	265.612020482	276.138545096	276.36600874	0.42500527156	0.974887897986	0.855661831241
430	Binomial	none	99	1.0	250.517748785	259.941463804	260.254431236	0.41606987075	0.976363389803	0.864287478137
430	NBinomial	none	1	0.0	289.381422868	3.3521110073	5.05263416838	0.455973869465	0.973047505828	0.848771484282
430	NBinomial	none	10	1.0	333.670793195	3.64735552598	5.50692883277	0.457898036158	0.971339436499	0.847456129605
430	NBinomial	none	100	0.5195151996	202.194366641	1.70159117757	3.59587519393	0.447275831704	0.974003772487	0.85143227977
430	NBinomial	none	11	1.0	168.190928566	1.55226269502	3.23277503174	0.431416393903	0.978000317438	0.862198415155
430	NBinomial	none	12	0.999999999993	197.882494742	1.46780081177	3.24919247128	0.420324785594	0.977027291035	0.862520879002
430	NBinomial	none	13	1.0	238.30862641	2.78135376899	4.44748382742	0.446541824167	0.973528472302	0.853861131817
430	NBinomial	none	14	1.0	299.798464763	2.95194067312	4.60898553161	0.447603121321	0.97448495246	0.851474070713
430	NBinomial	none	15	0.999796540378	162.658270552	1.52332023333	2.99411631651	0.430885225599	0.977247980793	0.858773162792
430	NBinomial	none	16	1.0	221.679932538	1.8172074329	3.46740140314	0.448556352178	0.973292577763	0.852417125873
430	NBinomial	none	17	0.0	218.217663009	3.67753691771	5.62892390344	0.465281453862	0.969727611585	0.844447377217
430	NBinomial	none	18	1.0	282.951337723	2.76027939916	4.56775999541	0.449286527118	0.973956774757	0.850276046652
430	NBinomial	none	19	1.0	270.878272009	3.33764710985	5.06447956408	0.455456249412	0.972413348821	0.848920678029
430	NBinomial	none	2	0.999999999359	226.41190009	2.8995418514	4.64535529636	0.43579514603	0.974463960829	0.857003574109
430	NBinomial	none	20	0.999999999612	317.029240531	1.9648252026	3.83813241819	0.440244399836	0.975104446964	0.854174843737
430	NBinomial	none	21	1.0	171.153172937	2.0914060406	3.58910047495	0.437019729329	0.97603314321	0.853901022636
430	NBinomial	none	22	1.0	317.096879369	1.99664069552	3.76258295489	0.444517697078	0.972568374069	0.853578192671
430	NBinomial	none	23	1.0	241.18501285	1.5260574231	3.35798660176	0.41894317874	0.975574331406	0.864790857221
430	NBinomial	none	24	0.99382225496	186.625958256	1.49156327608	3.17280305387	0.424759988115	0.976129384699	0.860491897727
430	NBinomial	none	25	0.99999999999	218.131493278	1.65369723985	3.46786814777	0.420502684134	0.977591963095	0.864710073208
430	NBinomial	none	26	1.0	170.848439856	1.52357669314	3.21775776267	0.448419698378	0.97623220441	0.851760852563
430	NBinomial	none	27	1.0	246.815998601	3.27322004802	5.21628966855	0.459813767458	0.9697372544	0.84433217178
430	NBinomial	none	28	0.0	326.592014741	2.48334818245	4.46123979797	0.440370579579	0.971801211988	0.853962294527
430	NBinomial	none	29	0.0	249.273165762	2.17426827128	4.04732453104	0.442597434369	0.974101737255	0.854989399988
430	NBinomial	none	3	0.99991220805	268.094182415	2.93056715776	4.9366612937	0.437298245515	0.971867765814	0.855080765919
430	NBinomial	none	30	1.0	243.615935206	1.34914180624	3.05653333128	0.412242548792	0.977140453557	0.866926260483
430	NBinomial	none	31	0.0	151.403194201	1.53484375874	3.47702535564	0.433956803094	0.975323113728	0.858484306478
430	NBinomial	none	32	1.0	208.203259121	1.6372357029	3.43604155311	0.447526606458	0.97428803198	0.853186806406
430	NBinomial	none	33	1.0	181.529605544	2.35180157827	4.15541096286	0.43148317809	0.973826371593	0.856741158957
430	NBinomial	none	34	0.0	243.320083546	2.21180663424	3.89299461346	0.452174245548	0.974148553734	0.849178608987
430	NBinomial	none	35	1.0	218.512639953	2.16469861124	3.92461300139	0.428225953627	0.975085480783	0.859780960479
430	NBinomial	none	36	0.999999999999	189.71131621	1.48808112033	3.19672122386	0.436870309822	0.975409366053	0.856217908687
430	NBinomial	none	37	0.994445114774	307.409783658	2.14918812623	4.09066400444	0.420203048155	0.97443173432	0.862681297068
430	NBinomial	none	38	0.0	301.884835333	2.56711324371	4.25980038918	0.427811585315	0.974397972849	0.860482648602
430	NBinomial	none	39	0.999999998657	191.378119783	2.01424224728	3.89696242796	0.445022052946	0.971805803731	0.852228860705
430	NBinomial	none	4	0.999999990852	299.282965631	3.07299021406	4.79434718783	0.460603291569	0.972996881264	0.846691076241
430	NBinomial	none	40	0.999999999958	351.667914603	2.22783486351	3.98622638044	0.429206631378	0.974136334345	0.85958685161
430	NBinomial	none	41	0.999999999994	208.984860583	1.5777323878	3.14335338676	0.436135312036	0.977493502962	0.857310950873
430	NBinomial	none	42	1.0	227.506897875	1.65651450328	3.44340524723	0.429069134826	0.97630442512	0.857042559436
430	NBinomial	none	43	1.0	301.975786721	32.9659474919	34.2170626863	0.453986923164	0.976404192808	0.852612817698
430	NBinomial	none	44	1.0	229.952447298	2.14972762346	3.71841412251	0.435182807951	0.975292712762	0.855536783295
430	NBinomial	none	45	1.0	278.306887589	1.85330833416	3.61397893802	0.441054478067	0.975002088426	0.853818835316
430	NBinomial	none	46	1.0	243.420125907	1.56322919054	3.08962900771	0.428225458655	0.977371518043	0.861582868226
430	NBinomial	none	47	1.0	296.76092832	2.26502098096	4.08818507149	0.445992130677	0.974490652208	0.853584666198
430	NBinomial	none	48	1.0	230.862745189	2.0136079906	3.72482456104	0.442922626073	0.973518542167	0.852588809158
430	NBinomial	none	49	1.0	174.138828506	1.61683796819	3.4375680489	0.44291736737	0.974805603864	0.854152142302
430	NBinomial	none	5	1.0	258.167342689	29.6033720758	30.9573593278	0.444677556531	0.976385729185	0.856057501558
430	NBinomial	none	50	1.0	175.268813009	1.69624207863	3.49036573735	0.455701194654	0.974816424615	0.849822214633
430	NBinomial	none	51	1.0	299.417689571	1.80862998747	3.7116818631	0.4321171696	0.974799911295	0.858912848846
430	NBinomial	none	52	0.999970047311	332.309811295	2.87845227501	4.72869191515	0.451352465926	0.971341745885	0.849561004859
430	NBinomial	none	53	1.0	207.882712938	1.86951009107	3.62544048156	0.439221319436	0.974683210424	0.853910041001
430	NBinomial	none	54	1.0	165.736969131	2.56246991402	4.28238723937	0.46154073702	0.972713374071	0.845768808651
430	NBinomial	none	55	1.0	228.592785409	1.370731751	2.99364328963	0.43314530997	0.97713970409	0.85635178147
430	NBinomial	none	56	1.0	254.425932961	1.45365365813	3.20629014221	0.429526409616	0.975100256582	0.858117524269
430	NBinomial	none	57	1.0	201.794956443	1.85855418866	3.59744134391	0.445587277721	0.975412523061	0.854255529662
430	NBinomial	none	58	1.0	242.261274854	2.49450628959	4.14839917373	0.441376765994	0.975614379107	0.856014503075
430	NBinomial	none	59	0.0	280.007698276	2.20534525285	3.92683735872	0.430282396599	0.975570342815	0.859466451863
430	NBinomial	none	6	0.0	271.986990487	2.01102582414	3.92078637567	0.431225483279	0.973222751998	0.857636711648
430	NBinomial	none	60	0.830270140723	225.979659197	1.75674984502	3.50861581615	0.424148417248	0.974311910031	0.861165721424
430	NBinomial	none	61	1.0	276.143199687	3.29526809657	4.83504965061	0.448382606858	0.975041820498	0.850968021819
430	NBinomial	none	62	1.0	208.957444575	1.68767090591	3.37156816742	0.435996526277	0.975205055048	0.857384603752
430	NBinomial	none	63	1.0	260.228094624	2.01195963066	3.96724360727	0.42994086069	0.972838704034	0.857570694819
430	NBinomial	none	64	1.0	246.36202076	1.84324799125	3.64280525279	0.432188283358	0.974385760355	0.857083335093
430	NBinomial	none	65	0.999448244005	278.082300669	1.89248486553	3.56110887072	0.429972418812	0.97484867859	0.858703331276
430	NBinomial	none	66	1.0	212.331163508	1.72360036326	3.58662230085	0.431903277063	0.973907662449	0.85698071025
430	NBinomial	none	67	1.0	205.945777561	2.20434388625	4.1598894029	0.425524246959	0.973285232253	0.859927992195
430	NBinomial	none	68	1.0	275.409508782	39.5538432758	40.9533140728	0.448557368924	0.976579799746	0.855840931202
430	NBinomial	none	69	1.0	226.583067525	33.0423493359	34.4362945348	0.449689656134	0.977123587573	0.855669183706
430	NBinomial	none	7	0.999999999999	178.225074958	1.67684049529	3.52546209698	0.428789896684	0.97540940778	0.858775755105
430	NBinomial	none	70	1.0	271.964951533	3.41866906941	5.24279352455	0.436729255857	0.973693712809	0.856181434395
430	NBinomial	none	71	1.0	256.512269473	2.06416091972	3.81322515579	0.437190883953	0.973892399981	0.856345059421
430	NBinomial	none	72	1.0	243.745515294	1.65415117715	3.18469234478	0.425603749979	0.975418715402	0.859135283125
430	NBinomial	none	73	1.0	376.613064716	1.72908256061	3.46165014495	0.438734575719	0.974396673725	0.856103255585
430	NBinomial	none	74	1.0	201.395743739	1.79044989271	3.60764629945	0.428996928255	0.975627006672	0.858292923063
430	NBinomial	none	75	0.999999999998	166.713793733	1.81392905794	3.68840823896	0.450970651815	0.973301838672	0.850800449721
430	NBinomial	none	76	1.0	221.436553227	2.46740906252	3.95051995036	0.451456279197	0.974429642998	0.849757151754
430	NBinomial	none	77	1.0	284.285631947	1.63717792272	3.32019794687	0.430312172432	0.975888116188	0.859590400238
430	NBinomial	none	78	1.0	224.914079906	2.3178093982	4.27068467591	0.448909756691	0.970942564165	0.851548855192
430	NBinomial	none	79	0.999999999993	294.592366615	1.98451768727	3.69422800286	0.44400364411	0.974097122026	0.852320625421
430	NBinomial	none	8	1.0	192.305496598	2.59711460541	4.5044849827	0.441611680643	0.972505100527	0.85468682805
430	NBinomial	none	80	1.0	161.497073617	1.97057612513	3.87315739312	0.445682985579	0.972650633768	0.851654660839
430	NBinomial	none	81	1.0	207.758480582	1.87440907446	3.4548732179	0.437347150909	0.976795058901	0.857502276358
430	NBinomial	none	82	1.0	186.918681793	1.76763028921	3.3054301422	0.437785842478	0.977398593943	0.856947449469
430	NBinomial	none	83	0.999999999849	365.390960486	1.64515642038	3.30544865723	0.436235999854	0.976249649572	0.856433000052
430	NBinomial	none	84	1.0	157.508366392	1.62167789852	3.33927192575	0.441487619969	0.976027585485	0.853916760442
430	NBinomial	none	85	0.992148294757	197.626734949	1.35623387638	2.9444374339	0.419457677737	0.976669186921	0.864991244849
430	NBinomial	none	86	1.0	215.869333241	2.11880304746	3.95772776566	0.43876557784	0.974673160386	0.857398805183
430	NBinomial	none	87	1.0	181.025565636	2.92161294884	4.55947815529	0.426360629355	0.977501996273	0.863099103925
430	NBinomial	none	88	0.999999999982	302.975558681	3.26268940381	5.02489134712	0.476168058194	0.969747778336	0.839399197066
430	NBinomial	none	89	0.999999999999	206.14831302	1.83348145912	3.50800633938	0.453806043367	0.975771138828	0.850984118701
430	NBinomial	none	9	1.0	195.949156749	2.72840674914	4.3749706686	0.443182181469	0.975808104369	0.856642054575
430	NBinomial	none	90	1.0	221.602075601	1.618651673	3.42168365024	0.410787254887	0.977958554371	0.867377682695
430	NBinomial	none	91	1.0	268.093204846	1.97337549171	3.64210999456	0.424917748024	0.973671956595	0.859828566503
430	NBinomial	none	92	0.999999999996	319.584730261	3.34778078711	4.98394489302	0.447229609501	0.974039120287	0.852210868386
430	NBinomial	none	93	1.0	205.0072548	1.96859087323	3.8803910292	0.421821533336	0.976139632677	0.861946159927
430	NBinomial	none	94	0.999996424197	212.974661667	1.73536494232	3.48194154265	0.429317360049	0.97611120141	0.859929984328
430	NBinomial	none	95	1.0	157.21702086	1.56737819968	3.18192848896	0.44114693754	0.977150846739	0.856851696735
430	NBinomial	none	96	0.0	239.748882933	1.780762201	3.52346022529	0.424782303587	0.975368951409	0.86085632523
430	NBinomial	none	97	0.0	261.483353223	2.26689277483	4.14496216964	0.449864282363	0.972883239187	0.850405292827
430	NBinomial	none	98	1.0	255.925792537	1.62648421585	3.42787642554	0.432942173553	0.973961909012	0.854479363968
430	NBinomial	none	99	1.0	250.392194138	1.88422760657	3.77620686179	0.423364719746	0.975607968075	0.863074764721
430	Normal	blom	1	0.0	102628527.896	1.22341896107	-1.66468512129	2.00910849681	0.0182999856345	0.0102335669358
430	Normal	blom	10	1.0	50383736.2752	1.29618066621	-1.5914632498	2.00912991263	0.0522108046005	0.00424677204181
430	Normal	blom	100	0.999751336386	543158267.569	1.18327475974	-1.67499219963	2.00203746186	0.0165288868763	0.0113508079448
430	Normal	blom	11	1.0	2643152984.61	1.10143299491	-1.79269324569	2.00321115138	0.0375495676426	0.0150559206053
430	Normal	blom	12	1.0	159449371.503	1.13714372409	-1.74012707604	2.00081040796	0.0372269564701	0.0121342815623
430	Normal	blom	13	1.0	658416508.909	1.26415693496	-1.64291127473	2.00957155549	0.0270889656103	0.0107707418643
430	Normal	blom	14	1.0	79010258.8056	1.333426779	-1.58021697189	2.00910035872	0.0387503784529	0.0172877632655
430	Normal	blom	15	0.0	360010347.837	1.29299402024	-1.64076504519	2.01515787224	0.0215753048406	0.0142356007771
430	Normal	blom	16	1.0	179052797.921	1.27040057575	-1.63464413464	2.00494312163	0.0410097782558	0.0202707173059
430	Normal	blom	17	0.0	67760841.3427	1.29813445317	-1.57091271218	2.00227109724	0.001480673434	0.00590741578268
430	Normal	blom	18	1.0	562635466.141	1.25100104673	-1.62850639965	1.99310168508	0.0322508293586	0.0183603267354
430	Normal	blom	19	1.0	726387387.108	1.25956899455	-1.63253970954	2.01786660382	0.0578927633645	-0.00618937994706
430	Normal	blom	2	1.0	464222736.401	1.1674790608	-1.72339657995	1.99946222978	0.0384783990325	0.0111955659366
430	Normal	blom	20	1.0	153290233.128	1.17986311954	-1.68433272547	1.9957131085	0.03986512865	0.0092191654234
430	Normal	blom	21	1.0	63171057.4497	1.35709728912	-1.57046359573	1.99066942442	0.0456223106751	0.0196777202879
430	Normal	blom	22	1.0	75465005.4319	1.233320566	-1.64361047541	2.00943360493	0.0594736214486	0.0177186899024
430	Normal	blom	23	1.0	380213577.994	1.13709565376	-1.73821072508	2.00052906654	0.0458814620546	0.0221492646757
430	Normal	blom	24	0.0	68598484.0455	1.22005963978	-1.67355215585	2.01360991961	0.0119002289385	0.00420409913924
430	Normal	blom	25	1.0	897368335.721	1.08320813912	-1.79260783486	1.98671097785	0.029227721645	0.0240066695866
430	Normal	blom	26	1.0	757823763.465	1.20750941042	-1.68484308288	2.00001160316	0.0471433876936	0.0130550659896
430	Normal	blom	27	1.0	357819258.96	1.32607949839	-1.53652597854	2.00923732848	0.036261768777	0.00455634009636
430	Normal	blom	28	0.0	1227663299.6	1.20335442912	-1.65732827494	2.00371082893	0.0143496333298	0.0108520333984
430	Normal	blom	29	0.0	23329092.9994	1.18071851223	-1.68911929327	1.99950014472	0.0227766328269	0.00771302200271
430	Normal	blom	3	0.999999980928	56327573.7454	1.20461867579	-1.65079264479	2.00448179427	0.0261394300874	0.00802565281326
430	Normal	blom	30	1.0	2386622946.05	1.13614016504	-1.75668210599	2.01011875306	0.0209689174765	0.0152751384056
430	Normal	blom	31	0.0	650456546.473	1.12256856224	-1.73442079032	2.0167780952	-0.00310654916513	0.00499933583734
430	Normal	blom	32	1.0	191204147.861	1.19280711071	-1.68228565986	2.00091264713	0.0302942088297	0.0163500292818
430	Normal	blom	33	1.0	28774272.014	1.18920910533	-1.68670451873	1.9997929245	0.0292956757512	0.00890882690219
430	Normal	blom	34	0.994088570457	546672918.636	1.25998622232	-1.63425275788	2.01380284792	0.0151953216189	0.00403234299361
430	Normal	blom	35	1.0	99734233.5851	1.18673974714	-1.7041592179	1.99494042622	0.0298492046581	0.0178508627358
430	Normal	blom	36	1.0	209201986.859	1.24074342876	-1.65217114106	1.99374690043	0.0451196611004	0.0193330375291
430	Normal	blom	37	0.0	148053154.221	1.13719038229	-1.72088565003	2.01075820404	0.0271178007362	0.00811276166432
430	Normal	blom	38	0.994187609257	1580112465.55	1.19887611212	-1.68876605819	2.01929499492	0.0167875399516	-0.00141704611922
430	Normal	blom	39	1.0	240776568.756	1.23750496671	-1.62858842532	2.00199255987	0.0282431124682	0.0226865028749
430	Normal	blom	4	1.0	751090861.875	1.24988042551	-1.64048800602	1.99377390441	0.0406980242036	0.0188860563138
430	Normal	blom	40	1.0	844399364.15	1.24278765592	-1.64915744391	1.99614519126	0.0483917067786	0.0128030938266
430	Normal	blom	41	0.999999998958	368661685.009	1.2360575433	-1.67963024389	2.00998292849	0.0349279004027	0.0130756214384
430	Normal	blom	42	1.0	5652902543.52	1.18541556329	-1.69300395931	1.98974436671	0.042821045455	0.0196069124093
430	Normal	blom	43	1.0	316925552.017	1.3634171534	-1.61130141044	2.01333680228	0.0537293924044	0.0197869654593
430	Normal	blom	44	1.0	86718945.2837	1.32595539107	-1.59448491714	2.01396228264	0.0327243077236	0.0081776981392
430	Normal	blom	45	1.0	364066656.346	1.18967432783	-1.69213726017	1.99113959666	0.0496102727278	0.0162762231038
430	Normal	blom	46	1.0	312867230.818	1.25446031163	-1.66739420711	1.99801122777	0.0564557887585	0.0215172935827
430	Normal	blom	47	1.0	1142639343.68	1.1605883057	-1.71653171547	2.0099511624	0.0293589137937	0.00816497100559
430	Normal	blom	48	1.0	215608483.372	1.29937413621	-1.59827768567	2.00908292064	0.0232911154118	0.0163440862111
430	Normal	blom	49	0.999999864178	38982526.2308	1.16495640545	-1.70616677755	1.99648066146	0.0288273567336	0.0122478206
430	Normal	blom	5	1.0	82834488.568	1.30444637858	-1.64794883115	2.00816556426	0.0345465065121	0.0147678549908
430	Normal	blom	50	1.0	476342781.084	1.16391067616	-1.71154397009	2.00923406968	0.0372185416377	0.00785094510093
430	Normal	blom	51	1.0	56861551.7482	1.14227904331	-1.72073136112	2.00149888606	0.0595826771152	0.0126448605088
430	Normal	blom	52	0.99999980197	337455933.02	1.30569991937	-1.56636604393	2.01068163702	0.0302691031518	0.0108035454283
430	Normal	blom	53	0.999999999992	390309923.642	1.21170599832	-1.66932914267	2.0043394751	0.0346169662154	0.0123919605897
430	Normal	blom	54	1.0	2402353343.94	1.2931326614	-1.59876878761	2.00093889722	0.0389946021203	0.0104243566621
430	Normal	blom	55	1.0	18083423.4364	1.24589656415	-1.65925508167	2.00257538009	0.0316745041746	0.0159615508315
430	Normal	blom	56	1.0	2271988195.76	1.22983459316	-1.65180875014	1.9984333106	0.0624054062036	0.0217892883967
430	Normal	blom	57	1.0	138755386.442	1.16664911162	-1.72207806806	2.01623539448	0.0461505120229	0.00242503740685
430	Normal	blom	58	1.0	524890538.8	1.19110254019	-1.71333670194	1.99456021059	0.0435499686903	0.0235388780289
430	Normal	blom	59	0.0	222162108.836	1.20006881348	-1.69259830359	2.02356429959	-0.00191488540384	0.00279800791514
430	Normal	blom	6	0.998956288859	68712888.8377	1.18484890551	-1.68122792841	1.99958502036	0.0239748633917	0.0126379314383
430	Normal	blom	60	0.0	72715718.0517	1.19396119753	-1.68899099351	2.01343572686	0.0153441361929	0.00512251857345
430	Normal	blom	61	1.0	654482568.88	1.30200152893	-1.61729547997	2.01546702833	0.0296301107582	0.00985842940927
430	Normal	blom	62	1.0	1884008277.54	1.22794007964	-1.66501704287	1.99993166539	0.0375628889164	0.0222485428472
430	Normal	blom	63	1.0	5655309517.29	1.18120467723	-1.67568515124	1.99312777808	0.0372079624413	0.0175628814618
430	Normal	blom	64	1.0	1134669869.53	1.21908301398	-1.66000466451	1.98489785959	0.0600469301869	0.0279892792346
430	Normal	blom	65	0.999999998151	478935212.904	1.25456302811	-1.64589926781	2.00710495609	0.0238508089147	0.00796965699813
430	Normal	blom	66	1.0	197773123.807	1.18650565818	-1.68018386684	2.00161258413	0.0450471055973	0.0120845631622
430	Normal	blom	67	0.999999785588	311069872.6	1.15519303208	-1.70238761597	1.99858472142	0.0326461666461	0.00780759086471
430	Normal	blom	68	1.0	191906723.052	1.24671916564	-1.70571719675	2.01135948876	0.046262453412	0.012823012701
430	Normal	blom	69	1.0	42659620.9134	1.2304409488	-1.72092178604	2.00624426011	0.0366342814849	0.0146646319338
430	Normal	blom	7	1.0	96873199.8828	1.17293151966	-1.70074847272	2.00472428788	0.0399941479022	0.0042256765574
430	Normal	blom	70	1.0	8158059710.98	1.19242998064	-1.68437649932	2.00195166134	0.0559094943241	0.00699560498466
430	Normal	blom	71	1.0	188489557.174	1.23298454259	-1.65780970368	1.99987756044	0.0369470439502	0.0154954542611
430	Normal	blom	72	1.0	101560558.605	1.33651971589	-1.58747911961	2.00315099583	0.05063341157	0.0217845174798
430	Normal	blom	73	1.0	354756751.853	1.19318504633	-1.69709467513	1.99086102228	0.0532929252981	0.0276685755838
430	Normal	blom	74	1.0	117257878.914	1.21983634697	-1.65978575382	2.00329147866	0.0336865627198	0.0114888201057
430	Normal	blom	75	0.999999999921	100758756.801	1.20844064635	-1.6614904002	1.99933840262	0.0105849479713	0.0140589766838
430	Normal	blom	76	1.0	81883221.2836	1.33846703046	-1.58981228707	1.993944617	0.0460351816057	0.0121919919051
430	Normal	blom	77	1.0	53314532.5843	1.20517476434	-1.68560580972	1.99881550051	0.0437199557097	0.0106480535791
430	Normal	blom	78	1.0	2299269564.65	1.21087180122	-1.64774118953	1.99207801553	0.0528797226624	0.018184156146
430	Normal	blom	79	1.0	1131691933.03	1.26511302821	-1.62688190744	2.0053738567	0.0515268034049	0.015939337073
430	Normal	blom	8	1.0	1903801475.13	1.18834512522	-1.67975585426	2.00065150629	0.0402072016568	0.00868698035528
430	Normal	blom	80	0.999999999819	901357447.103	1.22226897776	-1.64154315908	1.99981176247	0.0320300199697	0.0171625858286
430	Normal	blom	81	1.0	1334772683.46	1.23436825894	-1.68182794462	2.00427140932	0.0371039083549	0.01584937353
430	Normal	blom	82	1.0	285434180.427	1.22961814402	-1.68013422999	2.00969538781	0.0434494901789	0.0108384546843
430	Normal	blom	83	0.999999999974	376123588.893	1.20262010341	-1.69045013428	2.00645682637	0.0303578568248	0.0176234257937
430	Normal	blom	84	1.0	275823196.534	1.16468957966	-1.7214788378	2.00732855158	0.0387296843722	0.00865191481141
430	Normal	blom	85	0.999937597329	1961552687.36	1.22585648371	-1.68693120692	2.0168199179	0.00593610626372	0.00791945379556
430	Normal	blom	86	1.0	64010591.587	1.13059685195	-1.73769369422	2.00056634619	0.0450130080329	0.00724373754913
430	Normal	blom	87	1.0	3582733124.1	1.135989213	-1.76691459063	2.00377539111	0.0473744315118	0.0213648419515
430	Normal	blom	88	1.0	199687182.204	1.35105641727	-1.53621440318	1.99117447366	0.0372715318573	0.018863099518
430	Normal	blom	89	1.0	29978694.6593	1.21106842067	-1.68367690246	2.00953646772	0.0340341736237	0.00647895097834
430	Normal	blom	9	1.0	497822749.945	1.18194957583	-1.71574951695	2.00234497161	0.0434337848272	0.02058471949
430	Normal	blom	90	1.0	891290830.751	1.13205954761	-1.74552149614	1.99432850084	0.0397226944915	0.0173420471127
430	Normal	blom	91	1.0	308198375.934	1.25991878531	-1.6373581991	2.00592525011	0.0571938659595	0.0140352220081
430	Normal	blom	92	1.0	160281710.173	1.27508454168	-1.63162792183	2.00338153609	0.0334791187436	0.0169733889551
430	Normal	blom	93	1.0	394337798.956	1.09888665487	-1.75357424029	2.00397963479	0.0398167056706	0.00640410025431
430	Normal	blom	94	0.999999995481	91560707.6093	1.18607624316	-1.7028010257	1.99533970514	0.027295448266	0.0209222897867
430	Normal	blom	95	1.0	319681377.761	1.18373879205	-1.72067037102	1.98885377758	0.0454566961801	0.0178629495141
430	Normal	blom	96	0.0	2578423831.92	1.19133079493	-1.69845300954	1.99638370644	0.0130267558116	0.0176883765347
430	Normal	blom	97	0.0	184690877.645	1.19265153384	-1.67414920991	2.00285808306	0.000303793344893	0.0105727435395
430	Normal	blom	98	1.0	1689316089.08	1.26604581046	-1.61280785212	2.00525993106	0.0343062093281	0.00812978371865
430	Normal	blom	99	1.0	30471364.5231	1.09403141996	-1.76400045495	2.00220743296	0.0314360694312	0.00801729395565
430	Normal	boxcox	1	0.0	555467179.427	2.12706266686	-1.15250656786	2.08586370344	0.0182557218245	0.00521166286747
430	Normal	boxcox	10	1.0	196372551.165	3.31538470213	0.0938880969293	2.0687497855	0.0642807230697	0.0254753853329
430	Normal	boxcox	100	0.0	329463997.518	1.46273427428	-1.70621954454	2.09966671154	0.0128730515057	0.0148964266857
430	Normal	boxcox	11	0.999992372191	469679031.535	1.77635644761	-1.52629543064	2.08811430137	0.0399670117336	0.0209312381327
430	Normal	boxcox	12	0.995391036376	614195787.412	1.47066145911	-1.76898467955	2.07273471946	0.0365391020952	0.0192213893509
430	Normal	boxcox	13	1.0	323643779.917	3.29288367867	-0.0257425253221	2.04443564341	0.0502541827268	0.0138903946038
430	Normal	boxcox	14	0.999999675808	43635600.6813	2.09691506766	-1.21868961204	2.11406658517	0.0363278682931	0.0187422292636
430	Normal	boxcox	15	0.0	296126798.672	1.42510590657	-1.98266103969	2.09341529139	0.0234367338633	0.0126600961837
430	Normal	boxcox	16	0.999999995048	7795859279.92	2.00980478296	-1.30989489883	2.08365216005	0.0339049753927	0.0121958066108
430	Normal	boxcox	17	0.0	233527173.478	2.57346929268	-0.582962546528	2.07661712061	0.0117583720872	0.0132024460807
430	Normal	boxcox	18	1.0	154677659.125	1.97867722457	-1.24676318259	2.0763391924	0.0430846379061	0.0245055546671
430	Normal	boxcox	19	1.0	181445306.59	2.14407339564	-1.12548183957	2.08404548704	0.0710136171276	0.0206158773511
430	Normal	boxcox	2	0.999999999999	136223848.928	1.98750351101	-1.27938288769	2.04084528536	0.0382039120759	0.0204008741129
430	Normal	boxcox	20	1.0	48356158.4352	1.9437173721	-1.25500815471	2.09720135856	0.044552333469	0.0154567661249
430	Normal	boxcox	21	1.0	132091929.791	1.62275314419	-1.76696250801	2.07012902495	0.0479689553997	0.0232596656714
430	Normal	boxcox	22	0.999999999881	418682703.513	2.01868055462	-1.21979349397	2.08345984433	0.0652496914263	0.0135904694014
430	Normal	boxcox	23	0.999999999907	1038784744.68	1.94333297421	-1.2844311369	2.05878528155	0.0508774001232	0.0248929714341
430	Normal	boxcox	24	0.0	161711016.866	1.40696825909	-1.87674924161	2.11826627786	0.00304039293818	-0.00852768855776
430	Normal	boxcox	25	0.999999999999	587054670.716	1.80599092711	-1.42744085139	2.07506490743	0.0415302058129	0.0185765584695
430	Normal	boxcox	26	1.0	1153167465.51	2.43823301671	-0.851700528609	2.08114197279	0.0546463078334	0.0285754066773
430	Normal	boxcox	27	1.0	1534048873.9	2.24905957263	-0.913750420445	2.0748425671	0.0477834143766	0.0314723691273
430	Normal	boxcox	28	0.0	436433838.157	2.33103410618	-0.819326294829	2.06959002934	0.0160127345939	0.00842838476201
430	Normal	boxcox	29	0.0	14731376.3992	1.83383766203	-1.36318563365	2.07277114918	0.0242776684928	0.010293545227
430	Normal	boxcox	3	1.0	464694854.365	3.55033963355	0.407374903754	2.09683620391	0.0358341971946	0.00736041811027
430	Normal	boxcox	30	0.822694826558	205659390.808	1.78528575336	-1.50065497897	2.07934918195	0.0224344873376	0.00611310219574
430	Normal	boxcox	31	0.0	497027551.218	1.6014554654	-1.55777370253	2.12520905873	-0.0221304901794	0.00249997718053
430	Normal	boxcox	32	0.996386073372	190306703.722	1.71901808371	-1.51377650584	2.09304944095	0.0378997091385	0.0138369902128
430	Normal	boxcox	33	0.999999179892	311260344.807	1.80138376551	-1.41848459149	2.03980454221	0.031355420946	0.0131222086321
430	Normal	boxcox	34	0.999997910078	260797696.426	2.45495081908	-0.835171785253	2.08181397144	0.0136588099217	0.0171881629414
430	Normal	boxcox	35	0.999999999998	2451709653.82	3.06943184914	-0.193257433494	2.05311395137	0.0326473416849	0.0202620660811
430	Normal	boxcox	36	1.0	288369962.948	2.83648239567	-0.447187092223	2.10939928654	0.0448370603051	0.0144183417576
430	Normal	boxcox	37	0.999999996529	372037378.366	2.45999989788	-0.711047486684	2.05584046647	0.0337543956258	0.0218975246473
430	Normal	boxcox	38	0.992196957057	110817171.32	1.86171880567	-1.42075374539	2.07180316546	0.0284480255952	0.0150577784939
430	Normal	boxcox	39	1.0	993498369.993	2.12371695629	-1.07019494182	2.05668654547	0.0399519277799	0.0174496585259
430	Normal	boxcox	4	0.999999999996	38017833.6792	2.69044752428	-0.587206637617	2.04810422239	0.0399870699551	0.0303829378823
430	Normal	boxcox	40	1.0	908339606.335	2.42097251702	-0.844612348221	2.08605605412	0.0593833574805	0.0172181685102
430	Normal	boxcox	41	0.999999950193	1030612703.26	1.50800605893	-1.84717611052	2.0957237067	0.039067237033	0.01202684316
430	Normal	boxcox	42	1.0	347244476.159	1.43896847828	-1.78251372929	2.02987683165	0.0550286139901	0.0216533934691
430	Normal	boxcox	43	1.0	2781334191.12	1.91753818074	-1.62371298186	2.06784769487	0.0585994307108	0.012783524141
430	Normal	boxcox	44	0.999979627576	64265349.4289	2.80461682306	-0.562378701744	2.10105745461	0.0472255147098	0.00531461534419
430	Normal	boxcox	45	0.999999301101	267373217.141	1.85905263534	-1.38845094416	2.05502274022	0.0591818778089	0.0173337043824
430	Normal	boxcox	46	1.0	141945665.668	1.94408452319	-1.43815779073	2.04761821363	0.066683948846	0.0187184790708
430	Normal	boxcox	47	0.99999560014	904329109.625	1.84656434229	-1.37794139364	2.08843248071	0.0328768460998	0.0198286232408
430	Normal	boxcox	48	0.99999549717	796792972.876	1.88586343375	-1.39923595859	2.09534404496	0.0275781824529	0.011871229319
430	Normal	boxcox	49	0.0	36217870.1995	1.76139495501	-1.4533200324	2.10353827792	0.0381995966396	0.0118706809349
430	Normal	boxcox	5	0.999999882911	306682225.12	1.77095676341	-1.70956455455	2.08820384561	0.0405310054883	0.00585590462692
430	Normal	boxcox	50	0.999999999952	29070898.529	1.74538795532	-1.48662991369	2.09560859775	0.0448124679216	0.0169492833453
430	Normal	boxcox	51	1.0	606345946.902	1.56352550197	-1.60997720645	2.05958552657	0.0647433904327	0.0322680891943
430	Normal	boxcox	52	0.999999999998	400566064.972	2.91467015695	-0.295250683209	2.10191769689	0.0388308546104	0.0121767395641
430	Normal	boxcox	53	0.999999995789	41252489.6043	2.27120760704	-0.985402942689	2.07886221422	0.0312823438807	0.016482611977
430	Normal	boxcox	54	1.0	56617160.5418	2.36733540859	-0.916994862914	2.10252861909	0.0536174007386	0.0230160848735
430	Normal	boxcox	55	0.99999999868	144628809.413	1.69947989718	-1.63398999998	2.0813887228	0.051359287065	0.0195464863444
430	Normal	boxcox	56	1.0	332433296.744	1.57818323196	-1.67546411522	2.11119967031	0.0593920351855	0.0116286789369
430	Normal	boxcox	57	0.999999999046	71498596.5177	2.66059524338	-0.607169768369	2.07176660988	0.0520852630141	0.0228429519016
430	Normal	boxcox	58	1.0	6394890923.62	3.06416371784	-0.248171160008	2.04381274202	0.0545694932807	0.0135812367847
430	Normal	boxcox	59	0.0	265592243.4	2.59776943535	-0.686178238033	2.09693672293	0.00518025471409	0.00905584166822
430	Normal	boxcox	6	0.969403366964	517172972.974	1.84971195106	-1.32474805422	2.04539106	0.024670069897	0.0228340867041
430	Normal	boxcox	60	0.498639917741	23274210.7469	2.1191148223	-1.14741651952	2.0440686261	0.0184503479682	0.00735147382812
430	Normal	boxcox	61	0.999999999981	152721431.133	2.33673139642	-1.0376020436	2.06429450976	0.0426279965273	0.021129249784
430	Normal	boxcox	62	1.0	447433978.472	1.66196816809	-1.63006834035	2.05232536817	0.0492850008008	0.0267841290628
430	Normal	boxcox	63	1.0	123343584.967	1.56335099927	-1.58048861569	2.06365365651	0.041345618885	0.0161221011345
430	Normal	boxcox	64	1.0	107301371.151	1.88613012788	-1.33875434448	2.06915320941	0.0521128189018	0.0142011259288
430	Normal	boxcox	65	0.949425318135	638908788.71	2.01436068314	-1.29638507821	2.0426723456	0.0213254891735	0.0233851087769
430	Normal	boxcox	66	1.0	213858201.403	1.66661748767	-1.53350887988	2.06617063626	0.0469914965653	0.00981713761879
430	Normal	boxcox	67	0.999999997768	2251574359.01	1.67193558099	-1.47541182624	2.05389048253	0.0428401042299	0.0144948133073
430	Normal	boxcox	68	1.0	1243439830.44	2.74693503055	-0.721157751712	2.07072314093	0.0542473336397	0.0129556411457
430	Normal	boxcox	69	1.0	149360395.732	2.79518616689	-0.671825980636	2.08285771811	0.0504073120117	0.00925791601752
430	Normal	boxcox	7	0.999998979572	2761428965.87	1.47587589016	-1.72369862027	2.08055338853	0.0346906957	0.0133475876765
430	Normal	boxcox	70	1.0	1721338509.93	2.27252973311	-0.949821438356	2.02394970096	0.0656108007734	0.0275991117067
430	Normal	boxcox	71	1.0	31160915.5556	3.02454849615	-0.24481625604	2.05616907689	0.046411309717	0.0209848288411
430	Normal	boxcox	72	1.0	34238884.0193	1.51412566787	-1.86431793118	2.06654481477	0.0543306541836	0.0118331810573
430	Normal	boxcox	73	1.0	72080036.163	2.70415095249	-0.571210196281	2.06090221778	0.0520873870936	0.0217633483633
430	Normal	boxcox	74	0.69150611029	2088017692.04	1.98985174466	-1.23955156867	2.09252533537	0.034255826927	0.0183301098701
430	Normal	boxcox	75	0.999999999921	277397467.428	1.82828129101	-1.36792724749	2.07936304192	0.0303521351978	0.00576699396412
430	Normal	boxcox	76	1.0	267344252.009	1.87127445873	-1.52820087299	2.08998618472	0.0575365307736	0.0157327845355
430	Normal	boxcox	77	0.999999999975	296477593.073	1.94207578381	-1.34510165709	2.06603349804	0.0438468728826	0.0164486747125
430	Normal	boxcox	78	0.996268949357	217472096.405	2.02078647468	-1.13068762783	2.0671583914	0.0527186362706	0.0200685896676
430	Normal	boxcox	79	1.0	276843517.578	2.39399165901	-0.887050329375	2.09324026391	0.0532549512391	0.00845392996075
430	Normal	boxcox	8	1.0	2131447677.14	2.27978057971	-0.908680428839	2.08430467159	0.0371064924924	0.0166329428015
430	Normal	boxcox	80	0.0	407531384.988	2.00548589805	-1.16593558804	2.08852116216	0.0272139521153	0.00868631752384
430	Normal	boxcox	81	1.0	173769644.201	1.93258244478	-1.43851092328	2.10234027696	0.0466469887989	0.00152230224682
430	Normal	boxcox	82	1.0	25168345.3082	2.10932881858	-1.25085414139	2.07713563752	0.0596732942139	0.0208617352987
430	Normal	boxcox	83	0.999999999996	155428116.581	2.02131534394	-1.27047471147	2.05750262599	0.0427369200511	0.0166970362971
430	Normal	boxcox	84	1.0	207585900.19	1.65115251162	-1.62502384661	2.0610608604	0.0421500090339	0.0277478899538
430	Normal	boxcox	85	0.0	820348518.404	1.34116826785	-1.99613395398	2.09493788515	0.00622645644076	-0.000694900460979
430	Normal	boxcox	86	0.999999999953	79919977.936	1.87943799065	-1.33354889453	2.07240693111	0.0446844375791	0.0155464633402
430	Normal	boxcox	87	1.0	12524255.669	2.05303706342	-1.27687080055	2.04063424776	0.0685021140518	0.0190349621435
430	Normal	boxcox	88	1.0	109563117.242	2.58451917776	-0.668465849307	2.11482584818	0.0436732338582	0.00467888865838
430	Normal	boxcox	89	0.999999942862	121393670.53	1.42351896733	-1.86415734666	2.10801732144	0.0401660880097	0.0163224291806
430	Normal	boxcox	9	1.0	2303744980.04	1.959383346	-1.35524368763	2.07366241362	0.0553314405524	0.0177594164851
430	Normal	boxcox	90	0.99995712183	90571872.3013	1.77458750783	-1.45308495716	2.06175974427	0.0417902935211	0.011476617503
430	Normal	boxcox	91	1.0	157323937.695	1.6942953171	-1.60457516607	2.03202051776	0.0680444712893	0.0161906369932
430	Normal	boxcox	92	1.0	217205376.989	3.30777796377	-0.0259221301212	2.09584086759	0.0480619788566	0.018912160088
430	Normal	boxcox	93	0.999999999834	499351752.307	1.87128868699	-1.29689572174	2.03215574229	0.036377305493	0.0195264864046
430	Normal	boxcox	94	0.81357095062	221842810.368	1.78711511394	-1.48064907344	2.11717887034	0.030284093808	0.0125010764875
430	Normal	boxcox	95	1.0	36787519.8505	1.92234749159	-1.40768826384	2.07151579792	0.0569328571484	0.0214585538439
430	Normal	boxcox	96	0.0	658471485.904	1.74006309506	-1.52850447833	2.07038034667	0.0144816634705	0.0164802482692
430	Normal	boxcox	97	0.999952885787	180354877.769	2.37901044859	-0.822901352383	2.08160240128	0.00838988136707	0.00548901713802
430	Normal	boxcox	98	1.0	209820943.934	1.5898993526	-1.63577619723	2.0740658642	0.0455670975647	0.0125687080918
430	Normal	boxcox	99	1.0	53321784.5575	1.68750386057	-1.49048327352	2.06735292531	0.0461017184376	0.0157859870506
430	Normal	log	1	0.0	1429359796.79	2.34104680935	0.225351130647	2.07510762109	0.0283336632603	0.0226492943366
430	Normal	log	10	1.0	40684489.6343	4.30745247471	2.23865627736	2.06531184835	0.0981050446242	0.0218126258997
430	Normal	log	100	0.999607164602	1161790507.29	1.47402901537	-0.542210969608	2.08810653592	0.0294564613855	0.0121549535309
430	Normal	log	11	1.0	682800639.742	1.78737566656	-0.34693890049	2.06549468334	0.0816670966326	0.0147261277841
430	Normal	log	12	1.0	1604121602.94	1.54223975974	-0.534678355471	2.06555007074	0.069238873032	0.0111420015076
430	Normal	log	13	1.0	618403579.407	3.88068786668	1.7209039615	2.06736979805	0.0910225210065	0.0157182757157
430	Normal	log	14	1.0	1009944212.05	2.39942080869	0.250539282663	2.0659327176	0.0704754481163	0.023850304346
430	Normal	log	15	0.0	4432063196.12	1.54450124806	-0.687074481825	2.07224802908	0.0431457429809	0.0147520693086
430	Normal	log	16	1.0	3131754323.46	2.09960579108	-0.053111040842	2.06563899467	0.0827484204244	0.0258737174431
430	Normal	log	17	0.0	1149923767.85	3.03860041487	1.02442774401	2.08675715496	0.0202547089564	0.0199998035961
430	Normal	log	18	1.0	1621700255.1	2.05444086612	-0.0109746192433	2.06208915922	0.0700337853645	0.0240104325175
430	Normal	log	19	1.0	4184150109.62	2.52610276364	0.417290773385	2.07267938548	0.112748630483	0.0148389009536
430	Normal	log	2	1.0	89308661.7952	2.11032796995	0.00342906110363	2.07224434982	0.0654080162313	0.00942629619211
430	Normal	log	20	1.0	184752790.645	2.05433108375	0.0141496980768	2.0672756961	0.0706853659148	0.016261688095
430	Normal	log	21	1.0	3325455032.76	1.7346461876	-0.478894563754	2.05909488738	0.0870169359528	0.0208949057829
430	Normal	log	22	1.0	673097888.944	2.19939198089	0.12010101567	2.04632610719	0.0885041026527	0.0341828313105
430	Normal	log	23	1.0	4260654971.1	1.91425673861	-0.152026432216	2.03529569269	0.076757449292	0.0318110844353
430	Normal	log	24	0.0	3732817224.86	1.45221314243	-0.666730063051	2.07377086374	0.013114546284	0.00931765613794
430	Normal	log	25	1.0	878463492.25	2.01454718319	-0.0602954695829	2.07322407473	0.069343074875	0.00382792101669
430	Normal	log	26	1.0	2443260234.9	2.77550255112	0.655256335705	2.06005182485	0.0882724531695	0.0257522260195
430	Normal	log	27	1.0	522633316.924	2.39701760548	0.381900286547	2.07155857708	0.094172877568	0.0223885964056
430	Normal	log	28	0.0	1112801849.75	2.54822955143	0.541983440921	2.08737227813	0.0274671713486	-0.000329666248209
430	Normal	log	29	0.0	114088097.292	1.98770485639	-0.058871584593	2.08081868339	0.0458865699088	0.00947043600494
430	Normal	log	3	0.999999974422	329664694.317	4.42415199746	2.42557994529	2.06535869968	0.0510879258508	0.0199181398774
430	Normal	log	30	1.0	138213800.897	1.80237842028	-0.322415368427	2.04420978741	0.059175320014	0.0264535849084
430	Normal	log	31	0.0	260965433.775	1.63214491656	-0.375184103493	2.10122345354	-0.00874404359736	-0.00384126252002
430	Normal	log	32	1.0	1139299809.19	1.78120283256	-0.300217307118	2.05282676369	0.0783776980606	0.033073231804
430	Normal	log	33	1.0	967154805.299	1.93087765774	-0.138101432957	2.0640242767	0.0604155894622	0.0206050310143
430	Normal	log	34	0.0	5643880827.12	2.73461653306	0.607819121856	2.09510155244	0.0251843597293	0.00738098101954
430	Normal	log	35	1.0	6068563418.32	3.52224901314	1.41853331048	2.04471900222	0.0634259995928	0.0285165570095
430	Normal	log	36	1.0	4884433035.73	3.13308773146	1.02333344967	2.07654146608	0.0728110041619	0.0126742152632
430	Normal	log	37	0.846333368487	8419209839.13	2.7646285358	0.743557590229	2.0494959169	0.0490625145058	0.021657886506
430	Normal	log	38	0.999999381058	235513591.994	2.01951970978	-0.102056843587	2.06779331232	0.0446514496352	0.0120544739616
430	Normal	log	39	1.0	2889334796.32	2.28213704098	0.246735326642	2.04677855979	0.0634056228915	0.0302951056957
430	Normal	log	4	1.0	6619285882.2	3.15925696369	1.04846541337	2.07028738366	0.0661471013941	0.0260768033941
430	Normal	log	40	1.0	3001217151.59	2.90393707453	0.799625481219	2.03896268943	0.104529691446	0.0325769616077
430	Normal	log	41	0.999999999696	2871017947.16	1.55356772297	-0.629804281838	2.08504195736	0.0498600085343	0.0118071575978
430	Normal	log	42	1.0	842216783.223	1.49935379173	-0.565289179278	2.052859755	0.0987819372026	0.020053938796
430	Normal	log	43	1.0	3153916388.68	2.28442632185	-0.0683334557528	2.06624039189	0.103480619388	0.022192823903
430	Normal	log	44	1.0	7210990561.81	3.19621741186	1.00443275937	2.06291440239	0.0850044940973	0.0136289901988
430	Normal	log	45	1.0	1618531738.99	2.02394991536	-0.0675279873923	2.05652961354	0.105776344837	0.0200906515479
430	Normal	log	46	1.0	511449136.367	2.06849611703	-0.138552740944	2.01688724102	0.118174272474	0.0417364431109
430	Normal	log	47	1.0	169151105.396	1.8631301604	-0.203081943819	2.06913623824	0.0720610781884	0.0283326230353
430	Normal	log	48	1.0	601827210.962	1.84717820343	-0.272542543567	2.07408436963	0.0598367691457	0.021971629085
430	Normal	log	49	1.0	6865334206.45	1.88756177041	-0.175121850619	2.06846501068	0.0735349632931	0.0204320250492
430	Normal	log	5	1.0	1967173622.65	2.0222938223	-0.276658327626	2.07127356289	0.0782500417258	0.013535469452
430	Normal	log	50	1.0	1045078216.32	1.86525948305	-0.209469350472	2.08127246875	0.0771938295506	0.0168963515381
430	Normal	log	51	1.0	4038858658.37	1.55144538171	-0.468801607486	2.03240017096	0.115573328198	0.033535653724
430	Normal	log	52	0.999999999969	4024095933.06	3.29097154152	1.23394953249	2.07405160946	0.0544571349905	0.0181881521342
430	Normal	log	53	0.999999999983	1178693061.35	2.68365984803	0.586547956627	2.07753759849	0.0558454283582	0.00356762022547
430	Normal	log	54	1.0	592002293.762	2.53527469781	0.415074475413	2.07171111186	0.0780738809179	0.0218053166823
430	Normal	log	55	1.0	701181580.512	1.79369015214	-0.369429012418	2.05581721966	0.0903647488196	0.0248071745739
430	Normal	log	56	1.0	4622572951.36	1.52970320661	-0.557170055544	2.0429968329	0.110722600211	0.0319157203534
430	Normal	log	57	1.0	7005686548.61	2.99408464523	0.887680348817	2.06325688183	0.091127663159	0.0213876695064
430	Normal	log	58	1.0	6689498746.78	3.47512863748	1.32540680003	2.0382005963	0.0934248092636	0.0368830950802
430	Normal	log	59	0.0	154789535.929	2.95135654144	0.830821644	2.08921349272	0.0176831769834	0.0020191163787
430	Normal	log	6	0.999666282344	1363577564.17	1.92787099151	-0.0985243414285	2.07570096212	0.0462934478961	0.00853916667669
430	Normal	log	60	0.0	244608032.954	2.287553173	0.182900513494	2.05758378464	0.0378930470359	0.0162039765729
430	Normal	log	61	1.0	426936240.391	2.66301853878	0.463591260434	2.07334378664	0.0783323539515	0.0186011925692
430	Normal	log	62	1.0	218543526.244	1.65527876838	-0.467277083492	2.04819789494	0.0827593035704	0.0288977622064
430	Normal	log	63	1.0	1911157691.8	1.6209967643	-0.377471773304	2.04781743995	0.0767928283323	0.0305793097858
430	Normal	log	64	1.0	1559685784.78	2.04183934841	-0.031663273157	2.02417232193	0.122894564313	0.0374901197475
430	Normal	log	65	0.999999987041	61742066879.4	2.10515213088	-0.0365612418425	2.06233835696	0.0477711547726	0.0190408156602
430	Normal	log	66	1.0	711598919.217	1.72790771769	-0.313580269319	2.05062776963	0.0848281129721	0.0251657454035
430	Normal	log	67	1.0	614879169.623	1.63900264969	-0.359776850225	2.04755819281	0.0755669656776	0.0189988926861
430	Normal	log	68	1.0	3187523261.87	3.27692147898	0.984707157786	2.06756982148	0.0974443731234	0.0175850326079
430	Normal	log	69	1.0	2926161902.81	3.49581018002	1.20689586821	2.06491460235	0.0924187677978	0.0229784897298
430	Normal	log	7	1.0	516883182.165	1.55014241542	-0.49450351166	2.05259860846	0.0684907584161	0.0256279432461
430	Normal	log	70	1.0	1275637209.51	2.52149725774	0.45042563133	2.05903907214	0.10098590051	0.0162233685064
430	Normal	log	71	1.0	22509199193.5	3.46976897771	1.3635169811	2.05842587914	0.0707120887768	0.0261670031778
430	Normal	log	72	1.0	2933853708.33	1.55668923494	-0.646410087798	2.06501889159	0.0812449565065	0.0110686142444
430	Normal	log	73	1.0	1076336172.67	2.95781371956	0.846747746926	2.04790910224	0.0996602547798	0.0250176305213
430	Normal	log	74	1.0	1103694229.66	1.93928485062	-0.12556407912	2.06586599468	0.0641375639308	0.0107699469876
430	Normal	log	75	1.0	311900787.926	1.90899611824	-0.137979699092	2.07169415491	0.0480063551544	0.0179985777747
430	Normal	log	76	1.0	148889539.381	2.02452865636	-0.200084536333	2.07194124127	0.0926707480533	0.01197185764
430	Normal	log	77	1.0	3810628154.94	2.32215614337	0.201811238315	2.04147828078	0.0929892527844	0.02750216816
430	Normal	log	78	1.0	10622505626.3	2.17457531456	0.160891741489	2.05905089194	0.0932433726951	0.0224614409976
430	Normal	log	79	1.0	1916930711.16	2.76176302873	0.649642770634	2.06654170471	0.0845234954206	0.014032329594
430	Normal	log	8	1.0	10965008080.6	2.3761561978	0.338100563828	2.05833086056	0.0812402358647	0.0194882771292
430	Normal	log	80	1.0	15338877711.3	2.19020138932	0.170108342796	2.06481010167	0.0629841091917	0.0224608700819
430	Normal	log	81	1.0	2890131826.6	1.99908774249	-0.195291469834	2.06706177288	0.0695409424267	0.00874205475632
430	Normal	log	82	1.0	200145486.365	2.63745545592	0.448831671903	2.06761733717	0.0920267976421	0.0111485949141
430	Normal	log	83	0.999999999995	5085796173.58	2.40311834758	0.27587319463	2.05841760984	0.066066688439	0.0167584715986
430	Normal	log	84	1.0	122149603.159	1.75681602877	-0.355742232932	2.06610630272	0.0723818857108	0.0199986227377
430	Normal	log	85	0.999833285321	1145770038.22	1.35319355894	-0.814996989493	2.07425708216	0.0228549556764	0.0106172785601
430	Normal	log	86	1.0	3606078185.49	2.02887341445	-0.0292964949037	2.06626313245	0.0810897992889	0.0229463748465
430	Normal	log	87	1.0	199678235.942	2.26975706613	0.112192821953	2.02383682873	0.108535181041	0.0363261371149
430	Normal	log	88	1.0	80779903.2831	3.01987015157	0.931360952074	2.0845326809	0.0670999870381	0.0184521785466
430	Normal	log	89	1.0	281309676.585	1.50019866046	-0.62238346603	2.08077650565	0.0800909085295	0.0138904858739
430	Normal	log	9	1.0	1898513445.89	2.14230936391	-0.00638406094481	2.05965359934	0.0773426611674	0.0218482680749
430	Normal	log	90	1.0	4192003087.74	1.84160535871	-0.225691335651	2.01039099781	0.109044235405	0.0370610824051
430	Normal	log	91	1.0	4275338396.58	1.7844072099	-0.343343335492	2.03505429103	0.10812631904	0.0244671988588
430	Normal	log	92	1.0	76555690.4787	4.2415410645	2.07641325651	2.0829038101	0.0756081629731	0.0100575354952
430	Normal	log	93	1.0	162565156.146	1.88885928305	-0.126094209211	2.04722512507	0.0728594188614	0.0252085941486
430	Normal	log	94	0.999999999999	137993604.698	1.94508096051	-0.164273463333	2.07946181199	0.0497127712896	0.00731083820716
430	Normal	log	95	1.0	891447126.605	2.29568311114	0.134239311956	2.05231296764	0.13228228144	0.0211692657774
430	Normal	log	96	0.0	5483918245.3	1.86963249164	-0.238372385024	2.07184105442	0.0245449834564	0.0102473725336
430	Normal	log	97	0.0	2336673925.12	2.49619649343	0.448413375548	2.09136390475	0.010184999016	0.00533391865086
430	Normal	log	98	1.0	515868319.672	1.58223314673	-0.483831034671	2.06977622598	0.0545061580649	0.0126734590965
430	Normal	log	99	1.0	450208102.809	1.74726297842	-0.273124021213	2.05573113156	0.0720920963576	0.0133935383339
430	Normal	voom	1	0.0	3122575077.95	1.31919570147	0.721390643323	2.12895395679	0.0281448223664	0.0114296711045
430	Normal	voom	10	1.0	6358589095.6	1.40987361759	0.842504198066	2.10301195471	0.0804678062172	0.0196553939774
430	Normal	voom	100	0.999747542633	293369223.937	1.09414718634	0.555323520217	2.09293717775	0.026271466433	0.00740325879696
430	Normal	voom	11	1.0	1652583761.08	1.07163787029	0.470268135028	2.12051792322	0.0693358586135	0.0139199816465
430	Normal	voom	12	1.0	225749889.081	1.04968076833	0.475859726597	2.1092842429	0.0613932762266	0.0102779375666
430	Normal	voom	13	1.0	2384035400.96	1.31556577775	0.701069054151	2.09566017597	0.074260631802	0.0145068269488
430	Normal	voom	14	1.0	3055735347.04	1.31996895175	0.695691350267	2.13140831158	0.0552767903438	0.0180759478784
430	Normal	voom	15	0.0	191346621.01	1.0439215296	0.379747944358	2.13305182767	0.03558010074	0.00964724024731
430	Normal	voom	16	1.0	1542555288.13	1.23521473818	0.618361885759	2.08545322552	0.0653816455988	0.018179088274
430	Normal	voom	17	0.0	99211981.4536	1.33281314194	0.805185467497	2.09686071109	0.02122144084	0.00261860528011
430	Normal	voom	18	1.0	787957305.121	1.26370283152	0.694906922325	2.1407551097	0.0543448360287	0.0147937113334
430	Normal	voom	19	1.0	10341555905.9	1.42636451216	0.824438312861	2.15150769243	0.0961132305635	0.00717692104792
430	Normal	voom	2	1.0	1926217964.51	1.33578115976	0.740070993882	2.10678953861	0.0566698576348	0.00908566587591
430	Normal	voom	20	1.0	1999649169.94	1.21367003594	0.659915013315	2.11970541317	0.0630225083258	0.0122323743356
430	Normal	voom	21	1.0	803395289.084	1.1915005507	0.531088996343	2.17052580611	0.0749480134842	0.020695216389
430	Normal	voom	22	1.0	1092030645.29	1.26254467153	0.681742494604	2.08779482628	0.0687349062683	0.017970112334
430	Normal	voom	23	1.0	1014731090.73	1.27997198095	0.709908172191	2.11195290446	0.0691020164394	0.0244205784941
430	Normal	voom	24	0.999992375649	350024984.981	1.06253067319	0.464942833209	2.11502386443	0.0222355399517	0.00700506305962
430	Normal	voom	25	0.999999999996	1137409976.84	1.01846218521	0.45325567709	2.09022028588	0.0582442312086	0.00282771617748
430	Normal	voom	26	1.0	846230812.416	1.00066321759	0.404996138135	2.07948184542	0.0707314231058	0.0203073332513
430	Normal	voom	27	1.0	2040344916.66	1.4647060395	0.929245218934	2.09744772872	0.0792433123013	0.0216473392694
430	Normal	voom	28	0.0	578738176.692	1.33807983984	0.816576555095	2.11884391138	0.027290666387	-0.00164048641701
430	Normal	voom	29	0.0	115833443.214	1.22013969378	0.673279108909	2.1096703377	0.0337443107506	0.00494174484492
430	Normal	voom	3	0.0	9198949413.53	1.27789651482	0.760182364884	2.08765861813	0.0152298717912	-0.00143689165552
430	Normal	voom	30	1.0	3345514528.03	1.1291814171	0.529110922759	2.10366665632	0.056048693555	0.0198985604684
430	Normal	voom	31	0.0	545496353.215	1.12427622477	0.600728722014	2.16619476491	-0.00618394340543	-0.010281306854
430	Normal	voom	32	1.0	889494788.2	1.18811099526	0.618419070555	2.1175418876	0.0713778283481	0.0214062803875
430	Normal	voom	33	1.0	1066995242.69	1.16332849183	0.59757751484	2.07244431648	0.0475641253586	0.00450755351591
430	Normal	voom	34	0.0	8039889908.71	1.15611180619	0.555500481107	2.12080035616	0.0183794028115	-0.00877715093138
430	Normal	voom	35	0.999999999698	2068144435.41	1.3311771366	0.74387412809	2.1355585547	0.0446605765493	0.0185252004545
430	Normal	voom	36	1.0	1112530000.52	1.07610695745	0.479315507225	2.089364382	0.0629311918972	0.0105464793568
430	Normal	voom	37	0.0	18966264178.4	1.26912696771	0.738329057963	2.08338355192	0.0357246320167	0.0301207980211
430	Normal	voom	38	0.996328339492	20624968352.7	1.21728106379	0.618208415465	2.11279198694	0.0346137250553	0.0123667157903
430	Normal	voom	39	0.999998950381	2617377419.23	1.31522609323	0.766562267819	2.1009478204	0.0308863662849	0.0155193425425
430	Normal	voom	4	1.0	552645653.23	1.39079886282	0.790011385074	2.09474003352	0.0596902902331	0.0197978249402
430	Normal	voom	40	1.0	1292969087.49	1.35059714756	0.758101524227	2.12946006088	0.0782525768799	0.0241489688793
430	Normal	voom	41	0.999999997461	5526972368.14	1.0292302001	0.390873615346	2.13968772603	0.0463082032236	0.0117457612308
430	Normal	voom	42	1.0	6050189765.52	1.15626755813	0.583836462475	2.11648981386	0.0754308789764	0.0201245465379
430	Normal	voom	43	1.0	413988771.674	1.22553623839	0.48718512489	2.12059670686	0.0850015693672	0.0270812801955
430	Normal	voom	44	1.0	21465710712.2	1.16573195278	0.523901982699	2.09355691979	0.0720654887602	0.0194040417435
430	Normal	voom	45	1.0	27698234200.7	1.15501766789	0.572266052852	2.10315591499	0.091823876306	0.018709838154
430	Normal	voom	46	1.0	7393718710.08	1.07845680592	0.427849725026	2.05417250315	0.106948189345	0.0346428489896
430	Normal	voom	47	1.0	3324794085.35	1.1825840747	0.619305009709	2.10868001374	0.0628560040394	0.019119741463
430	Normal	voom	48	0.999999999693	1262019433.22	1.29307605015	0.69086090064	2.11925579727	0.0426729004296	0.0168630962371
430	Normal	voom	49	1.0	242158984.411	1.03692127395	0.479106912293	2.06856413045	0.0602814238246	0.0149738364259
430	Normal	voom	5	1.0	120542340.814	1.25416167843	0.549321559394	2.1078438265	0.0646758137744	0.00585581993709
430	Normal	voom	50	1.0	1802778819.95	1.08222465465	0.517552775183	2.06965028576	0.0670374631189	0.025236264978
430	Normal	voom	51	1.0	1732424005.2	1.23207395308	0.689277447819	2.08126141815	0.0922913696573	0.0233479510436
430	Normal	voom	52	0.999986291009	1826260989.08	1.44904819971	0.891998293479	2.14135715371	0.0437968864209	0.0165097548263
430	Normal	voom	53	0.999999999992	1835930446.43	1.20515018543	0.624176702154	2.13472864573	0.0529612672517	0.0103851657013
430	Normal	voom	54	0.999999999971	1635620428.71	1.24890693634	0.656811614481	2.11008128044	0.0609864889923	0.00963529430191
430	Normal	voom	55	1.0	3070985793.69	1.07754576365	0.454813353544	2.10900701738	0.0761217611179	0.0100749419808
430	Normal	voom	56	1.0	1984028306.79	1.08620001223	0.501987391747	2.09314482108	0.0906721512404	0.0222204231188
430	Normal	voom	57	1.0	835176699.956	1.07802119833	0.492390239112	2.05809909765	0.0781815249159	0.0193822804975
430	Normal	voom	58	1.0	5676488714.57	1.21349148617	0.601619365079	2.09360325619	0.0768221373059	0.0258439742879
430	Normal	voom	59	0.0	643808848.425	1.28505873244	0.68307767862	2.14074765263	0.0133136898884	0.000210748508631
430	Normal	voom	6	0.998808542795	2255090713.91	1.30819913714	0.768129175725	2.08736678531	0.0393889300908	0.0184796077353
430	Normal	voom	60	0.0	85104509550.5	1.29181681686	0.705316394718	2.11324073601	0.0355374868245	0.0150821468587
430	Normal	voom	61	0.999999999964	706219211.269	1.3345465385	0.683664777889	2.11758632923	0.0565140899219	0.0127080933431
430	Normal	voom	62	1.0	4073349561.82	1.18809584451	0.586536206293	2.12052274936	0.0588992581377	0.0199494572009
430	Normal	voom	63	1.0	3853285534.11	1.29128329673	0.763317973541	2.11357682687	0.0589829508065	0.0119484756444
430	Normal	voom	64	1.0	153153469.318	1.207005121	0.635441771277	2.07747457947	0.101570884452	0.028661494894
430	Normal	voom	65	0.999952110357	650850352.235	1.29703453988	0.680906179611	2.12422655996	0.0359751548312	0.0169059071049
430	Normal	voom	66	1.0	682165664.92	1.11678747152	0.567730642299	2.05602433392	0.0651477983058	0.0157168139385
430	Normal	voom	67	1.0	1958870671.97	1.23119845532	0.706329699247	2.06719630481	0.0601323539244	0.0174803833777
430	Normal	voom	68	1.0	4971745306.41	1.14827370732	0.457733075326	2.09947577259	0.0768580521015	0.00405083679796
430	Normal	voom	69	1.0	2376646882.35	1.18757231637	0.493754801114	2.11394699172	0.0797520343057	0.0236429793628
430	Normal	voom	7	1.0	932076702.615	1.02910526304	0.47688616148	2.07458914782	0.0624587654194	0.0170749059842
430	Normal	voom	70	1.0	2157927374.67	1.33473324412	0.773281690029	2.11304276235	0.0911398635373	0.0136866589641
430	Normal	voom	71	1.0	1858953889.01	1.40709269341	0.810774774308	2.14535184601	0.0592927105178	0.0165053252779
430	Normal	voom	72	1.0	474022253.578	1.18887473096	0.537755379125	2.11802632936	0.0625958310569	0.0181409888845
430	Normal	voom	73	1.0	133896260.896	1.28472712473	0.692175496369	2.11859016204	0.0841384599568	0.0280824142812
430	Normal	voom	74	1.0	2089936860.4	1.02756387418	0.469651785083	2.06683003548	0.053709461708	0.0131633882004
430	Normal	voom	75	0.999999962758	2572186199.13	1.18668110234	0.63699445812	2.06368568039	0.0344260062418	0.0157798224342
430	Normal	voom	76	1.0	203879501.645	1.21780675971	0.552740033428	2.12715389578	0.0750715948746	0.00867594240251
430	Normal	voom	77	1.0	29557882301.5	1.14280203295	0.541040236545	2.10459835865	0.0793653068877	0.0190980119265
430	Normal	voom	78	1.0	13691377194.2	1.36360638446	0.832500354364	2.09785492246	0.0793232140801	0.0126716257323
430	Normal	voom	79	1.0	3133419902.76	1.21815002252	0.618022437258	2.11242082582	0.0771911210021	0.0214389558261
430	Normal	voom	8	1.0	3011482166.24	1.24634869947	0.706647997242	2.06962965483	0.070331162591	0.00459581824036
430	Normal	voom	80	1.0	427689307.88	1.20152563852	0.662432055091	2.0917542642	0.0573905167083	0.0135778772379
430	Normal	voom	81	1.0	5850689383.47	1.04036044955	0.402324035281	2.0895633628	0.0623741371777	0.0149671984826
430	Normal	voom	82	1.0	2045644081.41	1.09659171383	0.45399857914	2.10498839082	0.0766330406185	0.0225095535203
430	Normal	voom	83	0.0	2426560518.32	1.2074151219	0.593815663823	2.10965940436	0.0486890619666	0.0120031340788
430	Normal	voom	84	1.0	752729367.456	1.02434667043	0.434978686894	2.06791193953	0.0618032540885	0.0250100438327
430	Normal	voom	85	0.863689347779	1484503311.33	1.20220716203	0.562155825179	2.13589731625	0.0213399795506	0.0117936226589
430	Normal	voom	86	1.0	590610953.42	1.22783717964	0.669964900924	2.12987228813	0.0694810288861	0.0124457029233
430	Normal	voom	87	1.0	1714604792.42	1.11496086962	0.497619021651	2.09599424721	0.0863195035054	0.0244911905447
430	Normal	voom	88	1.0	280988177.223	1.42648260784	0.837966288534	2.09813054738	0.061250273843	0.0134477777949
430	Normal	voom	89	1.0	221745730.109	1.12782002382	0.521758330034	2.15562091947	0.0639388427793	0.0134666221913
430	Normal	voom	9	1.0	178029237540.0	1.21828035624	0.604538883034	2.09774100612	0.0654298892318	0.02341481677
430	Normal	voom	90	1.0	4435547401.16	1.0198173561	0.453711061296	2.06533650203	0.0945281473167	0.0287035413634
430	Normal	voom	91	1.0	2056448387.44	1.30563896936	0.69290722942	2.07844564558	0.0901309510359	0.0284565105631
430	Normal	voom	92	1.0	77067263.8482	1.39076549622	0.765525929854	2.14529090489	0.0562491129042	0.00434947091291
430	Normal	voom	93	1.0	264948086.076	1.16304304292	0.63183627612	2.07632290933	0.0563468398089	0.0204922552081
430	Normal	voom	94	1.0	662639905.66	1.02613639797	0.438976101628	2.09590457063	0.0523906940731	0.0115943570498
430	Normal	voom	95	1.0	113237791.58	0.975727663147	0.355007336954	2.06653621159	0.104661985069	0.0346454079483
430	Normal	voom	96	0.0	2279877381.95	1.05802995252	0.474172427713	2.08757104457	0.0191856703607	-0.00216395465853
430	Normal	voom	97	0.0	2866348810.3	1.27803097973	0.729695779597	2.11949313427	0.000666610293407	-0.00886329351485
430	Normal	voom	98	1.0	14086187308.9	1.18003783671	0.611597008904	2.07087323672	0.0451397891685	0.0171113843422
430	Normal	voom	99	1.0	186672415.722	1.10971580962	0.572174092782	2.08276420476	0.0618111308113	0.014909935955
430	Poisson	none	1	1.0	421.702503982	421.702503982	421.739289089	0.448093067858	0.974569491619	0.850328782708
430	Poisson	none	10	1.0	467.579303647	467.579303647	467.739992866	0.449906729818	0.972667459126	0.848668019647
430	Poisson	none	100	0.0	264.873012728	264.873012728	265.062934032	0.43696085741	0.97605503357	0.853744321247
430	Poisson	none	11	1.0	227.834422756	227.834422756	227.84126286	0.42308792396	0.978570629375	0.864038144584
430	Poisson	none	12	1.0	243.71233843	243.71233843	243.795644724	0.409317298365	0.979048400622	0.865514388906
430	Poisson	none	13	1.0	315.602537205	315.602537205	315.608913686	0.438090385835	0.974906521748	0.855993311761
430	Poisson	none	14	1.0	551.995934027	551.995934027	551.992050876	0.43895328268	0.975647486683	0.853084177323
430	Poisson	none	15	0.0	196.577114928	196.577114928	196.418863914	0.420061629133	0.978368163463	0.861097287384
430	Poisson	none	16	1.0	285.618763096	285.618763096	285.610252405	0.440251780853	0.974723596435	0.854225456379
430	Poisson	none	17	0.0	324.144551827	324.144551827	324.393226874	0.45850046006	0.971156741014	0.84554900594
430	Poisson	none	18	1.0	431.478212314	431.478212314	431.597203289	0.439915507509	0.975517139252	0.852411714487
430	Poisson	none	19	1.0	436.473511901	436.473511901	436.538260149	0.446940320892	0.973896066966	0.85066852687
430	Poisson	none	2	1.0	317.972243779	317.972243779	318.030824792	0.428149964083	0.975543271671	0.858250148318
430	Poisson	none	20	1.0	466.100314428	466.100314428	466.261438219	0.430847016108	0.97614924413	0.856262988511
430	Poisson	none	21	1.0	209.357038052	209.357038052	209.217478977	0.428330239872	0.977011316384	0.855541211538
430	Poisson	none	22	1.0	400.867996158	400.867996158	400.955464062	0.436979242753	0.972256721141	0.854540803634
430	Poisson	none	23	1.0	292.157266309	292.157266309	292.285174262	0.409785001275	0.977132732103	0.866306026588
430	Poisson	none	24	1.0	244.759535377	244.759535377	244.769872865	0.414615939076	0.977620914846	0.862852701087
430	Poisson	none	25	1.0	314.893329289	314.893329289	314.993622266	0.408641517939	0.979648404691	0.867733536712
430	Poisson	none	26	0.0	221.64830133	221.64830133	221.66220592	0.439494542895	0.977214320232	0.853961001873
430	Poisson	none	27	1.0	336.223816059	336.223816059	336.456809169	0.449794815277	0.971775530987	0.846525534636
430	Poisson	none	28	0.0	447.394917642	447.394917642	447.646921781	0.433699167181	0.972856454582	0.855047164165
430	Poisson	none	29	0.0	329.275195058	329.275195058	329.444308947	0.434467030547	0.97578647674	0.856152091049
430	Poisson	none	3	0.0	357.58111468	357.58111468	357.845680151	0.428185546981	0.973631630716	0.857156333291
430	Poisson	none	30	1.0	354.569586341	354.569586341	354.586647491	0.401609808927	0.979210673276	0.870141607781
430	Poisson	none	31	0.0	173.053531661	173.053531661	173.277172915	0.426765068832	0.975728540849	0.859412298863
430	Poisson	none	32	1.0	273.077351474	273.077351474	273.186784087	0.43801085742	0.976082230329	0.85556253875
430	Poisson	none	33	1.0	254.487331121	254.487331121	254.610198052	0.423637644546	0.975208740643	0.858027463304
430	Poisson	none	34	0.0	323.883892122	323.883892122	323.89695368	0.443354800594	0.975746650227	0.851602425869
430	Poisson	none	35	1.0	304.101222126	304.101222126	304.179834293	0.418968913269	0.976404051182	0.862122510978
430	Poisson	none	36	1.0	219.207121804	219.207121804	219.232112925	0.425416411782	0.977376270938	0.858565119956
430	Poisson	none	37	1.0	405.394728178	405.394728178	405.603640132	0.411447486578	0.975711620368	0.863550413086
430	Poisson	none	38	1.0	397.964360901	397.964360901	397.984041094	0.41938687036	0.97567120062	0.861882641847
430	Poisson	none	39	1.0	249.377310009	249.377310009	249.556098876	0.439076506335	0.972431234794	0.852629799724
430	Poisson	none	4	1.0	444.361793617	444.361793617	444.414759987	0.455688387218	0.972816405667	0.846937496308
430	Poisson	none	40	1.0	488.202727661	488.202727661	488.276110515	0.420198326478	0.974877870536	0.861520209279
430	Poisson	none	41	1.0	301.115654478	301.115654478	301.030161938	0.425684390924	0.979185117708	0.859960661512
430	Poisson	none	42	1.0	321.001634687	321.001634687	321.105451838	0.421365368271	0.977608274585	0.858834858802
430	Poisson	none	43	1.0	503.116883557	503.116883557	502.7672777	0.444970813577	0.977524264697	0.854498788543
430	Poisson	none	44	1.0	319.787063582	319.787063582	319.687869464	0.426261532972	0.976297748368	0.857032351136
430	Poisson	none	45	1.0	394.21624916	394.21624916	394.295956385	0.430814797997	0.976586465023	0.856036139416
430	Poisson	none	46	1.0	309.247951176	309.247951176	309.120251799	0.418520636421	0.978867763006	0.863329434232
430	Poisson	none	47	1.0	423.101662118	423.101662118	423.22660822	0.438079258881	0.976101113131	0.855633302022
430	Poisson	none	48	1.0	321.325483703	321.325483703	321.355766947	0.434339114068	0.975091505963	0.854523921248
430	Poisson	none	49	1.0	234.806044072	234.806044072	234.938515447	0.43471903778	0.975864983962	0.855794467707
430	Poisson	none	5	1.0	403.921029377	403.921029377	403.652778539	0.434677957474	0.978058161765	0.85842174682
430	Poisson	none	50	1.0	229.570975821	229.570975821	229.676112879	0.447127331186	0.975980422556	0.851495323604
430	Poisson	none	51	1.0	412.816803631	412.816803631	413.006071993	0.422790795313	0.976634843091	0.860887009451
430	Poisson	none	52	1.0	470.779430714	470.779430714	470.940679328	0.443330365546	0.972556021656	0.851266408518
430	Poisson	none	53	1.0	250.136532361	250.136532361	250.203503141	0.428569364385	0.976567534021	0.856891839627
430	Poisson	none	54	1.0	201.358185754	201.358185754	201.413453257	0.453941862922	0.973274670602	0.847194815898
430	Poisson	none	55	1.0	298.97096077	298.97096077	298.936743739	0.423446216377	0.978518984782	0.858224152125
430	Poisson	none	56	1.0	340.806807191	340.806807191	340.883332624	0.419252408851	0.976874084647	0.860459253224
430	Poisson	none	57	1.0	253.608146554	253.608146554	253.666057431	0.435424134542	0.977237715679	0.85640234954
430	Poisson	none	58	1.0	376.794525184	376.794525184	376.787271888	0.433503861961	0.976691640796	0.857609518442
430	Poisson	none	59	0.0	385.789611304	385.789611304	385.818732915	0.423404122833	0.976341827334	0.860101236016
430	Poisson	none	6	0.0	333.361242806	333.361242806	333.56214602	0.425108552205	0.973697192209	0.857980645422
430	Poisson	none	60	0.0	311.70421643	311.70421643	311.764516043	0.417936013006	0.974611063069	0.861680994812
430	Poisson	none	61	1.0	732.102834647	732.102834647	731.991875218	0.440184996282	0.976137931436	0.852380222228
430	Poisson	none	62	1.0	262.128865467	262.128865467	262.150335605	0.42577088803	0.976992204934	0.859800163771
430	Poisson	none	63	1.0	371.51502064	371.51502064	371.749728044	0.420062526024	0.974619964187	0.859995528477
430	Poisson	none	64	1.0	352.507374156	352.507374156	352.625061206	0.422031715859	0.975836451554	0.85917163772
430	Poisson	none	65	0.0	353.083822826	353.083822826	353.079772651	0.422554693905	0.975766755404	0.859739087239
430	Poisson	none	66	1.0	274.433865678	274.433865678	274.586266358	0.42270637483	0.975281456518	0.858600927714
430	Poisson	none	67	0.0	256.905997525	256.905997525	257.146717031	0.419304617195	0.974124661136	0.860471649
430	Poisson	none	68	1.0	432.324423612	432.324423612	432.093684899	0.438640957004	0.97811257971	0.858236145384
430	Poisson	none	69	1.0	337.36404018	337.36404018	337.129078469	0.441218166474	0.978339776735	0.857435814959
430	Poisson	none	7	1.0	273.043736863	273.043736863	273.178252924	0.418162638471	0.977111830987	0.861233886104
430	Poisson	none	70	1.0	371.27179953	371.27179953	371.399341378	0.429298067079	0.97488618447	0.857152529649
430	Poisson	none	71	1.0	363.693412591	363.693412591	363.7484053	0.427519008753	0.975295850045	0.858516193846
430	Poisson	none	72	1.0	315.846687014	315.846687014	315.726430216	0.414009998778	0.977327426405	0.86248249477
430	Poisson	none	73	1.0	532.855216207	532.855216207	532.91071633	0.429944526213	0.975052404722	0.858030306383
430	Poisson	none	74	1.0	287.156510051	287.156510051	287.272706871	0.418248807791	0.977314742113	0.860609336956
430	Poisson	none	75	1.0	219.643915415	219.643915415	219.813923545	0.442418727653	0.974991688616	0.853078734465
430	Poisson	none	76	1.0	297.045413313	297.045413313	296.897696175	0.442765392652	0.97560286843	0.851366355967
430	Poisson	none	77	1.0	381.286040552	381.286040552	381.302805659	0.420905084121	0.977621975594	0.861972762015
430	Poisson	none	78	1.0	294.56604509	294.56604509	294.8098483	0.44105631563	0.972854734003	0.852874251061
430	Poisson	none	79	1.0	391.300743571	391.300743571	391.333785682	0.434914057299	0.975321627544	0.853864517078
430	Poisson	none	8	1.0	245.444847312	245.444847312	245.643271032	0.433383077623	0.97370972971	0.856563382024
430	Poisson	none	80	1.0	226.907967339	226.907967339	227.103112802	0.43687657554	0.974350264152	0.853646904295
430	Poisson	none	81	1.0	269.154142829	269.154142829	269.066879614	0.425865904017	0.978767484628	0.860087934799
430	Poisson	none	82	1.0	238.796552838	238.796552838	238.685862171	0.428543312595	0.977952675705	0.859049954062
430	Poisson	none	83	1.0	509.071206419	509.071206419	509.079753929	0.429782430901	0.975817075434	0.857310769383
430	Poisson	none	84	1.0	223.312358555	223.312358555	223.34116753	0.431045970202	0.978071786698	0.856712920417
430	Poisson	none	85	1.0	260.859159306	260.859159306	260.786110426	0.408498014376	0.97822112117	0.867539091147
430	Poisson	none	86	1.0	312.324338708	312.324338708	312.455062809	0.43064578015	0.976113478706	0.858578126829
430	Poisson	none	87	1.0	333.231573425	333.231573425	333.19993138	0.418884732595	0.977226879725	0.864534512733
430	Poisson	none	88	1.0	409.398728073	409.398728073	409.495088861	0.467071144055	0.971423061965	0.840704802831
430	Poisson	none	89	1.0	268.869939587	268.869939587	268.889050302	0.44392388683	0.977592803499	0.853221872698
430	Poisson	none	9	1.0	536.504593276	536.504593276	536.49156906	0.434123382703	0.977423899359	0.859007971498
430	Poisson	none	90	1.0	310.367070666	310.367070666	310.470384391	0.400465806804	0.979610788157	0.869746348528
430	Poisson	none	91	1.0	354.741478496	354.741478496	354.726983973	0.414427405329	0.975118906551	0.862259106879
430	Poisson	none	92	1.0	825.214685235	825.214685235	825.174235929	0.438608881157	0.975306544021	0.853439429492
430	Poisson	none	93	1.0	296.211295926	296.211295926	296.408269319	0.414833264097	0.976747922347	0.862931497873
430	Poisson	none	94	1.0	263.551466445	263.551466445	263.608541828	0.417853722885	0.978112319634	0.862427426385
430	Poisson	none	95	1.0	214.722247779	214.722247779	214.671077936	0.430538082941	0.979119238178	0.859503228003
430	Poisson	none	96	0.0	347.870509538	347.870509538	347.934029039	0.414444336716	0.976927299242	0.863024215159
430	Poisson	none	97	0.0	327.135064738	327.135064738	327.312723304	0.442084184283	0.974515023307	0.852037339521
430	Poisson	none	98	1.0	350.899697135	350.899697135	351.007115522	0.425931720229	0.973320077546	0.855749826756
430	Poisson	none	99	1.0	347.315326853	347.315326853	347.494892913	0.416569121317	0.976373475177	0.864235237998
