NSAMPLES	MODEL	TRANS	REP	R2	X2	X2p	X2c	nMSE	PCC	RHO
226	Binomial	none	1	1.0	172.077809707	178.571813357	177.837453795	0.573805766679	0.978776575942	0.829150574508
226	Binomial	none	10	1.0	220.294595613	226.383945702	225.609006866	0.573996501672	0.977791189742	0.827765796847
226	Binomial	none	100	1.0	193.282778654	200.230815252	199.510117206	0.579297472676	0.97728439849	0.826115165095
226	Binomial	none	11	1.0	189.380953351	195.824996825	195.001216731	0.586210843761	0.977590073345	0.824374009243
226	Binomial	none	12	1.0	230.423344889	237.011458013	236.31434125	0.580744381805	0.97676316092	0.824887871102
226	Binomial	none	13	1.0	220.019492987	227.859952188	227.156048456	0.578642339188	0.977443995271	0.826383805281
226	Binomial	none	14	1.0	190.312053708	197.026706555	196.290599341	0.587874657286	0.976560935314	0.823485546094
226	Binomial	none	15	1.0	184.894570472	191.776990857	191.091451547	0.591156241224	0.977069884172	0.82319392283
226	Binomial	none	16	1.0	220.536849536	226.710193888	225.945313452	0.582727002494	0.978089754126	0.826413617318
226	Binomial	none	17	1.0	204.510578537	211.228556178	210.48105903	0.57562897921	0.977718933212	0.827449979236
226	Binomial	none	18	1.0	224.342876487	231.241079862	230.5566445	0.572002549087	0.977684050624	0.82907278104
226	Binomial	none	19	1.0	225.521586957	232.495228925	231.760008703	0.578942397424	0.977833867595	0.826220426314
226	Binomial	none	2	1.0	200.581341998	206.964608358	206.192561011	0.587547605414	0.977021238511	0.823850409602
226	Binomial	none	20	1.0	227.024409257	232.911226378	232.151082252	0.57463160393	0.977272927634	0.827849917296
226	Binomial	none	21	1.0	185.791971975	192.304102635	191.569939194	0.580058209317	0.977392154972	0.825849672808
226	Binomial	none	22	1.0	175.758284788	182.044300238	181.310086496	0.589821977556	0.976307734913	0.823510249321
226	Binomial	none	23	1.0	193.614190268	200.304595601	199.553306019	0.576611290205	0.977715113498	0.826974292957
226	Binomial	none	24	1.0	243.753197906	250.431079359	249.666007057	0.581509888355	0.9770864432	0.825356362053
226	Binomial	none	25	1.0	223.815857928	230.297987112	229.567649331	0.591510594341	0.976843271209	0.822888982628
226	Binomial	none	26	1.0	178.212330588	184.459057596	183.708310362	0.580627354731	0.97750357306	0.826083424094
226	Binomial	none	27	1.0	177.885914673	184.159967834	183.412136605	0.57885690331	0.977980576573	0.82679612849
226	Binomial	none	28	1.0	207.535137194	214.807746493	214.139309109	0.578786721299	0.977596658117	0.827232590231
226	Binomial	none	29	1.0	241.652464203	248.142404931	247.417599541	0.580063978897	0.976857004462	0.825702587008
226	Binomial	none	3	1.0	241.624789659	247.951795934	247.214296729	0.565271246127	0.977761456133	0.829941952997
226	Binomial	none	30	1.0	241.558394897	248.900696843	248.211398923	0.574835716248	0.977160889875	0.826459433715
226	Binomial	none	31	1.0	198.255627496	204.904582186	204.179846014	0.583954029848	0.97704639203	0.824253856271
226	Binomial	none	32	1.0	223.453053755	229.927590102	229.174428965	0.582408389919	0.976754267615	0.82419279162
226	Binomial	none	33	1.0	200.165120317	206.941032329	206.188905842	0.584309342743	0.977116170023	0.824154953908
226	Binomial	none	34	1.0	193.225511013	200.339675864	199.61457395	0.574308598627	0.977413103499	0.827194152647
226	Binomial	none	35	1.0	189.355552049	196.271416816	195.559613456	0.58342631509	0.977247443737	0.825321933993
226	Binomial	none	36	1.0	185.25167036	191.854087986	191.123293807	0.583233941329	0.977530735648	0.825226364952
226	Binomial	none	37	1.0	230.526681007	237.44385523	236.703089292	0.582752157621	0.976792516771	0.823880666075
226	Binomial	none	38	1.0	219.690552679	225.960283703	225.215628878	0.575791850745	0.977297132197	0.826366309993
226	Binomial	none	39	1.0	241.751234768	248.291257953	247.567103369	0.58038257643	0.977623031647	0.826353745092
226	Binomial	none	4	1.0	171.330306912	177.353570426	176.597697513	0.588309995031	0.977653431528	0.823556410885
226	Binomial	none	40	1.0	187.473671312	194.276214093	193.554829129	0.572620618908	0.977721735759	0.82880308451
226	Binomial	none	41	1.0	210.315157126	217.091655039	216.333240723	0.591121987108	0.977476241314	0.823608153852
226	Binomial	none	42	1.0	187.955195839	195.11311229	194.396181875	0.569091485042	0.977721706324	0.829617599097
226	Binomial	none	43	1.0	179.984333795	186.621654675	185.867307425	0.577490788927	0.978243148854	0.828055226876
226	Binomial	none	44	1.0	236.079561047	243.287822909	242.584470741	0.578703448646	0.97675325011	0.826056680836
226	Binomial	none	45	1.0	224.578930279	231.649785378	230.960267266	0.583272554227	0.975910275067	0.825244173236
226	Binomial	none	46	1.0	211.246582203	219.174095387	218.473849718	0.587406575764	0.976788287276	0.824066090731
226	Binomial	none	47	1.0	243.705047994	250.170366754	249.48163042	0.589891408569	0.976880113957	0.822818220563
226	Binomial	none	48	1.0	190.537167651	197.052508619	196.306424989	0.586505231948	0.977074862205	0.823502084845
226	Binomial	none	49	1.0	183.670456284	190.487752557	189.760536603	0.569854201424	0.978111973457	0.829883832663
226	Binomial	none	5	1.0	196.084511886	202.087342269	201.330117364	0.580824371146	0.977214917898	0.825336066578
226	Binomial	none	50	1.0	220.85827241	227.969991226	227.184283331	0.582940325317	0.97714353453	0.824738944185
226	Binomial	none	51	1.0	201.912213646	209.260335489	208.554010251	0.59023080384	0.977206630443	0.823601032996
226	Binomial	none	52	1.0	178.58278825	185.001004353	184.245670269	0.583886996735	0.977731304064	0.825376390378
226	Binomial	none	53	1.0	188.01961685	195.126720259	194.409139564	0.581926681977	0.977707638966	0.826396088871
226	Binomial	none	54	1.0	184.047046945	190.300550965	189.542126787	0.582954838564	0.977744968071	0.825751681391
226	Binomial	none	55	1.0	252.712966875	259.088023965	258.379252891	0.579577795154	0.976832277771	0.825531882356
226	Binomial	none	56	1.0	186.388350787	193.062433209	192.309182181	0.591142824962	0.977255411188	0.823214980912
226	Binomial	none	57	1.0	191.340983184	197.560545028	196.803262609	0.591332465682	0.977262411458	0.82301193362
226	Binomial	none	58	1.0	246.875280773	253.377775763	252.630864365	0.581330893364	0.977272571787	0.825333648408
226	Binomial	none	59	1.0	192.955784488	199.480943211	198.735615696	0.579064572029	0.978090070408	0.826395095674
226	Binomial	none	6	1.0	187.268022365	193.875684748	193.148340017	0.57942182858	0.977141648889	0.826273230762
226	Binomial	none	60	1.0	199.129692391	206.486315524	205.837141886	0.588360793175	0.976950151802	0.824188922234
226	Binomial	none	61	0.976483554948	190.704268456	197.360179979	196.602551209	0.591985892297	0.977187623594	0.822989808762
226	Binomial	none	62	1.0	168.011359367	173.976253705	173.245772029	0.574184737279	0.977749096902	0.828002982395
226	Binomial	none	63	1.0	227.204157155	233.847069998	233.071008126	0.599073770748	0.975868335453	0.819061204925
226	Binomial	none	64	0.0	219.012068691	225.591325843	224.857352871	0.569777380481	0.977881536859	0.829052206773
226	Binomial	none	65	1.0	183.722434793	190.174401882	189.440440772	0.58030937001	0.977901397885	0.826465688337
226	Binomial	none	66	1.0	221.934341981	227.930577806	227.132850712	0.590743348701	0.976631389078	0.822036323998
226	Binomial	none	67	1.0	223.299514605	229.672693563	228.897003121	0.58448210855	0.976949780381	0.824593404618
226	Binomial	none	68	1.0	231.005512607	237.687397773	236.889519769	0.582808416329	0.97717817357	0.824958034775
226	Binomial	none	69	1.0	168.614206114	174.70872994	173.940408391	0.584186594644	0.977955792557	0.825596019686
226	Binomial	none	7	1.0	196.263804069	203.069578262	202.338688441	0.590185035363	0.977082901125	0.823710313964
226	Binomial	none	70	1.0	182.740748742	189.31556043	188.608373432	0.579126441284	0.977384209036	0.826731366447
226	Binomial	none	71	1.0	226.763768085	233.49097628	232.793962752	0.590197041839	0.97641699847	0.822335076868
226	Binomial	none	72	1.0	172.52147714	178.380921793	177.662866281	0.577437653072	0.97798263011	0.826993006391
226	Binomial	none	73	1.0	190.986458844	197.582216438	196.837799646	0.584907142781	0.977001986402	0.824404474518
226	Binomial	none	74	1.0	218.789473549	225.885510152	225.115109596	0.580466041841	0.977093650292	0.82508746455
226	Binomial	none	75	1.0	212.629874646	219.050343409	218.329464223	0.584838884148	0.977299259279	0.82429077537
226	Binomial	none	76	1.0	207.061197916	213.875407483	213.119462183	0.575963309165	0.978095989616	0.827606838983
226	Binomial	none	77	1.0	181.218086281	187.864813107	187.111138774	0.579168050833	0.977331380178	0.826297713423
226	Binomial	none	78	1.0	226.295975182	233.280891721	232.551137644	0.586180965357	0.977114567053	0.824196931179
226	Binomial	none	79	1.0	171.218970785	177.493199796	176.748418325	0.585345940455	0.976960907956	0.823225945491
226	Binomial	none	8	1.0	214.849740624	222.025670009	221.31780989	0.583341514185	0.977305994064	0.825225069311
226	Binomial	none	80	1.0	177.176540137	183.753214686	183.017229376	0.589940910982	0.977454898824	0.823761524286
226	Binomial	none	81	1.0	191.572470672	198.333289096	197.599593905	0.580047960817	0.977726480289	0.826378007288
226	Binomial	none	82	1.0	177.792275472	184.193339697	183.473101152	0.581972781435	0.977890523354	0.826133590572
226	Binomial	none	83	1.0	192.120227635	199.023595681	198.279307349	0.592098313993	0.976888779135	0.82251677339
226	Binomial	none	84	1.0	172.816275621	179.360540603	178.621991526	0.586543791858	0.977410572285	0.824901317228
226	Binomial	none	85	1.0	201.860680267	208.801393169	208.132039667	0.581855938671	0.976734402862	0.825726068412
226	Binomial	none	86	1.0	196.023180817	203.246393553	202.560556442	0.587843797627	0.976890442553	0.823722414465
226	Binomial	none	87	1.0	245.874944592	252.535256326	251.808776773	0.587527612488	0.976590489757	0.822966212691
226	Binomial	none	88	1.0	221.355757919	228.361069669	227.650663667	0.58184370687	0.977362053453	0.825933794482
226	Binomial	none	89	1.0	187.706414111	193.863906434	193.102478049	0.580592327932	0.976197712789	0.825862309734
226	Binomial	none	9	1.0	226.12791404	232.688907337	231.977978296	0.582910435893	0.977248870379	0.8254529423
226	Binomial	none	90	1.0	188.109190226	194.637646996	193.901990276	0.581143003661	0.977179784712	0.825865326608
226	Binomial	none	91	1.0	176.235219666	182.328029501	181.561531191	0.583697441458	0.977969035177	0.826110557755
226	Binomial	none	92	1.0	176.872265666	182.888853052	182.160705361	0.581497879289	0.977231053067	0.825426257685
226	Binomial	none	93	1.0	234.18607123	241.453146689	240.68436395	0.586903837655	0.977760528714	0.824352454679
226	Binomial	none	94	1.0	210.827221763	217.249810956	216.448498414	0.577644871804	0.9773741194	0.826443658033
226	Binomial	none	95	1.0	194.544180142	201.427485591	200.658072178	0.587416437251	0.977235736189	0.824376269357
226	Binomial	none	96	0.713375570745	251.465676803	258.453175479	257.678069076	0.585936194006	0.977688381443	0.824927374358
226	Binomial	none	97	1.0	253.02359695	259.858729187	259.115097967	0.584742680976	0.976925846161	0.824503722828
226	Binomial	none	98	1.0	234.294198936	241.312529635	240.543500285	0.58236099142	0.977252866401	0.824983874726
226	Binomial	none	99	1.0	189.288551781	196.25846592	195.548640343	0.581340614132	0.976941492411	0.825385531359
226	NBinomial	none	1	0.00119236307907	172.154708906	1.2580339787	1.82620091395	0.581989718557	0.977361023274	0.827401402412
226	NBinomial	none	10	1.0	178.884611745	3.91834322056	4.44148119746	0.580975194474	0.977087551294	0.827275274184
226	NBinomial	none	100	0.00133142661772	190.141814004	5.03284400102	5.56317615943	0.585881086792	0.976470960475	0.825698811988
226	NBinomial	none	11	0.0	181.788347254	1.44331023926	1.89238841591	0.592717031656	0.976923246694	0.823954243744
226	NBinomial	none	12	1.0	195.708462963	9.7394503431	10.2186476102	0.585494784005	0.976249422445	0.825190670195
226	NBinomial	none	13	0.0	224.525569764	5.9169628104	6.4455231639	0.585179357951	0.976798791729	0.825945816003
226	NBinomial	none	14	0.000233203916099	190.754400495	2.2493872842	2.68687182809	0.593032174579	0.976082051451	0.823432121194
226	NBinomial	none	15	0.00132301072997	183.062739629	1.39068515857	1.89788683561	0.597177182699	0.976404800779	0.822458092787
226	NBinomial	none	16	1.0	171.627289975	1.53488091371	2.03190487393	0.589046034882	0.977548398091	0.825572196756
226	NBinomial	none	17	1.0	183.900340831	1.44879198728	1.98153076455	0.581757161924	0.977075021022	0.827093950468
226	NBinomial	none	18	0.000842349927278	199.641423884	1.45030494325	2.0373008613	0.579245334326	0.976883026943	0.828218562134
226	NBinomial	none	19	0.0	190.35955529	1.40532814123	1.93166874576	0.585380484748	0.977215909962	0.825862155323
226	NBinomial	none	2	0.00053482165726	196.279128664	11.3602361131	11.8098056028	0.59318862859	0.976521380829	0.82408700871
226	NBinomial	none	20	1.0	172.782633918	1.51179933411	2.04639763009	0.58110995301	0.976876496956	0.82741007338
226	NBinomial	none	21	0.00048107254475	182.123484239	1.64214541952	2.14639979942	0.586052670595	0.976665190732	0.825631594231
226	NBinomial	none	22	0.00139422149448	173.371005144	1.52749244088	2.00617775156	0.594200338829	0.976671653339	0.823498400647
226	NBinomial	none	23	1.0	188.565144561	7.38455655986	7.88743021958	0.582805632061	0.976976854281	0.82666127583
226	NBinomial	none	24	1.0	189.281602511	5.72251473814	6.18826988095	0.587212536556	0.976455042353	0.825083713836
226	NBinomial	none	25	0.0	179.301455471	1.73275779411	2.19507632803	0.596879285047	0.976423514003	0.822929309937
226	NBinomial	none	26	0.000961616387325	179.275696676	1.51570793706	2.02408728477	0.587429774286	0.976565015252	0.825347479416
226	NBinomial	none	27	0.0	167.469134963	4.29415187992	4.82396487046	0.585181027979	0.977054320153	0.826254577182
226	NBinomial	none	28	1.0	207.463704475	2.850122926	3.40570982408	0.585178289467	0.976770588003	0.826377948364
226	NBinomial	none	29	0.0	195.736487399	12.5459843224	13.012215934	0.584822641491	0.976430069123	0.826115018245
226	NBinomial	none	3	0.961262542233	191.877475598	5.69920540555	6.24404806248	0.571037046583	0.977478273611	0.830009482589
226	NBinomial	none	30	0.000156668779505	207.809977436	3.72732383686	4.27113468287	0.580219688471	0.976831369856	0.826616099984
226	NBinomial	none	31	0.00149623062797	185.2551315	6.6367629771	7.1116234217	0.589439692836	0.976363736403	0.824234333166
226	NBinomial	none	32	0.99649828446	183.638878328	2.10316140404	2.57062811504	0.588610276916	0.975993226082	0.823987734196
226	NBinomial	none	33	0.971706047693	194.617434046	3.08820677444	3.5696750944	0.589934689835	0.976688828827	0.824526396826
226	NBinomial	none	34	0.0	191.238286238	1.49816712182	2.02731617177	0.579694014066	0.976955607009	0.827232276998
226	NBinomial	none	35	0.0	192.275296691	1.58097419848	2.09104722415	0.589434940309	0.976699321949	0.824991224617
226	NBinomial	none	36	1.0	182.439020704	3.22613034159	3.72737194601	0.58956484825	0.976663817785	0.824754797873
226	NBinomial	none	37	0.999999999999	193.818726368	4.15470194209	4.59005893822	0.58755024619	0.97640079525	0.82453784256
226	NBinomial	none	38	0.0	181.998013634	3.20253705814	3.69574937809	0.581598376367	0.976645881845	0.826495772695
226	NBinomial	none	39	0.000899827145637	191.410734075	4.03012871251	4.52836291005	0.586100029347	0.977057824048	0.825952139603
226	NBinomial	none	4	0.00096772183064	171.996806108	7.51897127605	7.9700542985	0.594515488155	0.976564883384	0.8232375389
226	NBinomial	none	40	0.958367682096	189.467514551	1.38295813887	1.941914184	0.579028340256	0.977126678175	0.828379118845
226	NBinomial	none	41	0.0	187.752305504	4.3473360187	4.79911775781	0.597208068422	0.976626358774	0.823053738851
226	NBinomial	none	42	0.0	195.856934564	1.54260225417	2.10257181704	0.574686160041	0.977342493422	0.829682114631
226	NBinomial	none	43	0.0	188.781158027	1.16668106457	1.71240741268	0.585623787102	0.977253214561	0.826646405853
226	NBinomial	none	44	0.0	211.722064554	6.17772190844	6.68661019524	0.583399233913	0.976711414048	0.82635372613
226	NBinomial	none	45	0.000734666911629	199.290468632	1.44590277187	1.96927284566	0.587430773746	0.976776460311	0.825533601456
226	NBinomial	none	46	1.0	218.307726521	1.54794058235	2.01176648114	0.59292224824	0.976137907438	0.82330917911
226	NBinomial	none	47	1.0	190.821075415	1.60647077497	2.09907589719	0.596154537252	0.976098827853	0.822184463252
226	NBinomial	none	48	1.0	183.086001525	8.42755370901	8.89218200541	0.592310525156	0.976481397912	0.823371055233
226	NBinomial	none	49	0.0	184.539393804	1.33739531722	1.92226761747	0.577651287707	0.97695837702	0.828719812581
226	NBinomial	none	5	0.0	165.451245434	1.44662512588	1.96647565578	0.587500084416	0.976452732059	0.825134892576
226	NBinomial	none	50	1.0	194.04508133	3.87202935991	4.31603588813	0.588867748091	0.976636328691	0.824416449217
226	NBinomial	none	51	0.445748905167	196.330683863	3.94279189991	4.42345938732	0.596287955625	0.976414050974	0.822933567286
226	NBinomial	none	52	0.985877216667	177.48449447	1.39099954389	1.90137154381	0.590745398505	0.976866534571	0.824819807788
226	NBinomial	none	53	0.0	193.583187518	1.33947703691	1.86478669283	0.58824981246	0.976946194782	0.825678921779
226	NBinomial	none	54	0.000548663852293	175.268010454	3.0338183441	3.52026630644	0.589223294421	0.976972362984	0.825261163057
226	NBinomial	none	55	0.000442871516223	185.525784719	3.57905190238	4.0671917791	0.584356127432	0.976581670547	0.826004947366
226	NBinomial	none	56	0.000248605677215	190.219085395	4.29894652984	4.73550589947	0.596970456929	0.976367546663	0.82295441795
226	NBinomial	none	57	1.0	178.288353814	3.94820684498	4.39725012113	0.596723510493	0.976852469066	0.823163713253
226	NBinomial	none	58	0.000294922193762	200.013529512	15.4241695966	15.896162098	0.587189570775	0.976681224162	0.825330382659
226	NBinomial	none	59	1.0	186.053849336	5.00805914549	5.49188407286	0.584793207582	0.977310607363	0.826372890485
226	NBinomial	none	6	0.0	184.145405473	5.31380019991	5.79208618684	0.584461652013	0.976647063925	0.826281765828
226	NBinomial	none	60	0.999999999999	206.525715393	1.51510102074	2.03958354725	0.593949674065	0.976047799692	0.823534833492
226	NBinomial	none	61	0.000724353058748	192.057761039	4.39217059924	4.8460122271	0.598291399505	0.976373516192	0.822250641621
226	NBinomial	none	62	0.000251064685634	167.333789633	5.85075976825	6.40035320805	0.581023870022	0.976764162028	0.827582492728
226	NBinomial	none	63	0.00120106005923	197.821522929	9.33467752985	9.68432381032	0.602919292823	0.975846086171	0.820353647142
226	NBinomial	none	64	1.0	185.32301863	1.40961018949	1.97935351074	0.576974207815	0.977074243726	0.828429878474
226	NBinomial	none	65	0.0	181.296711209	3.44330208067	3.96407041396	0.586993112624	0.976966523426	0.825711358527
226	NBinomial	none	66	0.727641028673	170.788881939	4.61707782093	5.01930490968	0.59534062826	0.976157773831	0.823009094789
226	NBinomial	none	67	1.0	189.238080323	12.3575682986	12.7884657039	0.589885430911	0.976497239813	0.82480114132
226	NBinomial	none	68	0.000583016259917	183.990357976	4.70798722829	5.149709117	0.588321611219	0.976739418347	0.825091410323
226	NBinomial	none	69	1.0	167.877029056	1.43328965734	1.92266231253	0.5907027591	0.977070931624	0.824844146085
226	NBinomial	none	7	0.00125239716373	185.50952519	3.98527692784	4.44427933075	0.59563998169	0.976658870339	0.823348796948
226	NBinomial	none	70	1.0	186.617180086	1.50876862243	2.0339419484	0.58560029096	0.976642342996	0.825866234718
226	NBinomial	none	71	0.999999993856	195.835455439	1.59798018344	2.08053161764	0.595402648691	0.976057328189	0.82262888989
226	NBinomial	none	72	0.0	166.049735804	8.02370129343	8.57100117874	0.584074817524	0.976764761528	0.82643876485
226	NBinomial	none	73	1.0	190.009086585	6.14443160083	6.60945303337	0.590724923615	0.976304090738	0.824272126078
226	NBinomial	none	74	8.45283864209e-05	204.997637854	4.00692614198	4.47192896594	0.586106818023	0.976572164947	0.825257105446
226	NBinomial	none	75	0.0	185.766455767	1.86726441688	2.32995619407	0.589645141694	0.976830955634	0.824519237499
226	NBinomial	none	76	0.000374585064774	181.018797292	1.41249071442	1.96496572836	0.58352692214	0.977109855894	0.826622282514
226	NBinomial	none	77	1.0	186.301419711	1.47563666901	1.9887778585	0.585539656189	0.976617266428	0.825742958226
226	NBinomial	none	78	1.0	201.263006824	1.70417621619	2.1862362725	0.59198887074	0.976828932437	0.8240509907
226	NBinomial	none	79	0.000280954981017	167.934862444	1.55378471951	2.03019313569	0.591338369923	0.976232936545	0.8232275485
226	NBinomial	none	8	1.0	197.815581063	1.48480188408	1.98739750468	0.589462799836	0.976699796662	0.8248020029
226	NBinomial	none	80	0.000193620911443	179.050755449	1.48107625793	1.93984056628	0.595749514784	0.976653828402	0.823138255149
226	NBinomial	none	81	0.00216434983698	191.72456494	4.95912021435	5.48254175246	0.586440441524	0.976775620527	0.825771359535
226	NBinomial	none	82	0.99566745796	172.709950584	1.29723352454	1.85599928911	0.589486938892	0.976703474234	0.824891750576
226	NBinomial	none	83	1.0	201.365277917	3.05096130205	3.48708967277	0.597865881995	0.97618092335	0.822530957023
226	NBinomial	none	84	0.0	168.499210511	1.33038097662	1.85269755216	0.59327196078	0.976534301876	0.823926486932
226	NBinomial	none	85	0.0	202.146031259	1.5607287321	2.08519099136	0.587805879354	0.976235989376	0.825378559012
226	NBinomial	none	86	0.000141388984849	197.636101167	1.73900401834	2.21339262334	0.592932394616	0.976353665655	0.823527735109
226	NBinomial	none	87	0.00132774859936	194.544381	5.73321139832	6.19901365092	0.592737280954	0.976170107636	0.823305578822
226	NBinomial	none	88	0.00047027294542	193.612164192	1.51731039369	2.02029306531	0.587816239295	0.976753121051	0.825327113209
226	NBinomial	none	89	0.999999999939	177.985603794	4.29327402918	4.78128000612	0.584947967116	0.976748493671	0.826564638297
226	NBinomial	none	9	1.0	183.591231349	1.94712158179	2.44527626159	0.58874485645	0.976745675496	0.825273913224
226	NBinomial	none	90	0.000287853187536	183.79517892	3.64299715117	4.13220556048	0.586832193763	0.976484515675	0.82566750045
226	NBinomial	none	91	1.0	176.281469535	1.38025225946	1.87468285228	0.590720739615	0.977054199114	0.825152574473
226	NBinomial	none	92	0.000649559666513	175.081260981	4.36541314689	4.8836938664	0.587024020522	0.976861427616	0.825588878348
226	NBinomial	none	93	0.999995571271	205.782014625	4.99082474717	5.44854295053	0.59316777055	0.977029179266	0.823986261872
226	NBinomial	none	94	0.00163250150819	187.513201387	1.6572822186	2.11965956349	0.584274398296	0.976700492471	0.825605165456
226	NBinomial	none	95	1.0	188.713172015	6.16332440482	6.59093561055	0.592467367161	0.976720995341	0.824146484167
226	NBinomial	none	96	1.0	201.840130383	5.72577829649	6.17236783691	0.591767782597	0.977059563091	0.824864591515
226	NBinomial	none	97	0.00091646127938	194.582879988	3.94024350755	4.37552819097	0.589774401104	0.976652314803	0.824921807717
226	NBinomial	none	98	1.0	190.714102946	1.56814424051	2.04053157235	0.588270419543	0.97670469183	0.824537559472
226	NBinomial	none	99	1.0	195.520149887	1.44174717647	1.95837725353	0.588040632334	0.976208887629	0.824794099166
226	Normal	blom	1	1.0	7954187.58572	1.11218477289	-2.04522808852	2.0676091867	0.0130651979947	0.00679203244024
226	Normal	blom	10	1.0	148652970.651	1.16565444747	-2.01114541624	2.07204646447	0.0232659369657	0.000945649819822
226	Normal	blom	100	1.0	64856055.3867	1.13328623011	-2.0234365328	2.06660875728	0.0145666645932	0.00478953253265
226	Normal	blom	11	1.0	168490319.383	1.13048663745	-2.04882419084	2.06884985299	0.0248366461301	0.00508154231629
226	Normal	blom	12	1.0	300542189.213	1.18910712039	-1.98793456958	2.0636835519	0.0259795322507	0.0068836940294
226	Normal	blom	13	1.0	985010002.795	1.16249204096	-2.01132114805	2.06999778234	0.0238259488527	0.00531900634138
226	Normal	blom	14	1.0	238533794.266	1.14050985708	-2.02089636956	2.06933671999	0.0184808541545	0.00490256169076
226	Normal	blom	15	1.0	346443924.932	1.13743268199	-2.02751048159	2.07200706497	0.0146476693067	0.00218202766731
226	Normal	blom	16	1.0	818753407.303	1.07969733312	-2.07069715235	2.07295066036	0.0209077761282	0.000740635593149
226	Normal	blom	17	1.0	276985193.142	1.17365696347	-2.00660162542	2.06654410814	0.0244349558964	0.00541077836875
226	Normal	blom	18	1.0	21335229.5536	1.08596543917	-2.04466338225	2.0661152934	0.0191590533474	0.00220196404543
226	Normal	blom	19	1.0	110742529.311	1.1822154332	-2.00759182103	2.06132207734	0.0259111294329	0.00655951581515
226	Normal	blom	2	1.0	242962146.921	1.14061052931	-2.0390481735	2.0722314221	0.0112748338663	0.00454762783779
226	Normal	blom	20	1.0	814268929.91	1.11850725754	-2.0311625183	2.06337318714	0.0204104004028	0.005057556133
226	Normal	blom	21	0.000967450670941	266339170.441	1.15387475337	-2.01807932577	2.06672906359	0.00200627019974	0.00483600561745
226	Normal	blom	22	1.0	1757184154.45	1.12050244644	-2.03754960153	2.06430080157	0.0248704671638	0.0049915036219
226	Normal	blom	23	1.0	180144070.513	1.1647302699	-2.01396374357	2.06473222816	0.0266700663225	0.00698893624849
226	Normal	blom	24	1.0	852810230.53	1.17845853381	-2.00620092018	2.06380160044	0.0246493994023	0.00432826796734
226	Normal	blom	25	1.0	612431274.967	1.09533024638	-2.0521790687	2.0651897665	0.01914746055	0.00643942403755
226	Normal	blom	26	0.00476058878039	870866204.622	1.13906688541	-2.02801668168	2.07641387507	0.000688340150475	-0.00105555006984
226	Normal	blom	27	1.0	12705998298.4	1.11827241055	-2.03836354324	2.06962986161	0.0199424139431	0.000123521237042
226	Normal	blom	28	1.0	83579396.959	1.09777896351	-2.041650349	2.05993516124	0.0279869072505	0.00848797732918
226	Normal	blom	29	1.0	729457544.572	1.14853199587	-2.01624753558	2.06338985228	0.0160044216831	0.0065667857931
226	Normal	blom	3	1.0	3247496478.92	1.17561775058	-1.99341663653	2.06860219822	0.0218953581273	0.00062221695557
226	Normal	blom	30	1.0	56445832.3211	1.21646026713	-1.97030098556	2.06547205728	0.0164166086232	0.00334336818069
226	Normal	blom	31	1.0	1186562298.07	1.17914503191	-2.00016212016	2.0709463714	0.0212486528204	-0.00103298756546
226	Normal	blom	32	1.0	3549591814.27	1.1960403927	-1.98483820952	2.06266072935	0.0233498866319	0.00994257078737
226	Normal	blom	33	1.0	677437318.367	1.20404443482	-1.9920900535	2.0662480812	0.0245075654947	0.00437191548374
226	Normal	blom	34	1.0	477407151.081	1.18314051531	-1.99711501062	2.06568688501	0.0195857033444	0.00475874771808
226	Normal	blom	35	1.0	157638412.289	1.11010403419	-2.04194739701	2.07333701832	0.0148107608217	-0.00246088737896
226	Normal	blom	36	1.0	880444334.292	1.14890989838	-2.02489016508	2.0676671817	0.0200301667769	0.0021389727013
226	Normal	blom	37	1.0	421248566.225	1.25594337999	-1.95808397583	2.06627333079	0.0243752615782	0.00486926776005
226	Normal	blom	38	1.0	302468273.305	1.18761919401	-1.9885832785	2.06644164308	0.0147125673083	0.00712478762392
226	Normal	blom	39	1.0	697610298.875	1.11770162321	-2.03701596438	2.06616867344	0.0226301178346	0.00696696974801
226	Normal	blom	4	1.0	253113648.657	1.1653829954	-2.02098413397	2.06644569771	0.0249133303443	0.00371192184261
226	Normal	blom	40	1.0	201849985.81	1.08922061605	-2.05034594208	2.06341235004	0.0225543641629	0.00682362317273
226	Normal	blom	41	1.0	39854523.7033	1.11233209444	-2.05564511691	2.07248993855	0.0263638882896	0.00555486421545
226	Normal	blom	42	1.0	880226499.002	1.11594419011	-2.03429396408	2.0673888963	0.026267081434	0.00337802187664
226	Normal	blom	43	0.0	507201986.752	1.08899295399	-2.06417094008	2.07487110371	-0.00217364991893	-2.63738023223e-05
226	Normal	blom	44	1.0	935139024.272	1.15391774558	-2.013708473	2.0766951342	0.0086185377546	-0.00237751108096
226	Normal	blom	45	1.0	334057365.591	1.13950300496	-2.02265837079	2.0592439805	0.0215880600172	0.00770269108986
226	Normal	blom	46	1.0	1326468387.42	1.14966771729	-2.02105520712	2.05962513198	0.0268874446605	0.00971084820023
226	Normal	blom	47	1.0	513799996.254	1.13727665022	-2.02300821963	2.06913568136	0.0239046466082	0.000188665554918
226	Normal	blom	48	1.0	641577647.203	1.22019761989	-1.98445980582	2.06839927751	0.0236466337338	0.00176378841964
226	Normal	blom	49	1.0	4250812114.83	1.08620539123	-2.04611368484	2.06981229912	0.0172055012133	0.00431077509987
226	Normal	blom	5	1.0	31041371.3816	1.14822264544	-2.02231988471	2.07237204289	0.0108054813057	0.00143547845858
226	Normal	blom	50	1.0	1561616371.04	1.18010248589	-2.0044345434	2.07018228025	0.0198894620854	0.00213380004622
226	Normal	blom	51	1.0	275744551.604	1.0976916027	-2.04687015713	2.07352113055	0.0192277339983	-0.00224283850909
226	Normal	blom	52	1.0	856617824.442	1.09294564565	-2.05704765892	2.07586414715	0.0231393591013	0.00356248666674
226	Normal	blom	53	1.0	161474859.809	1.09932143268	-2.05512694374	2.06961288711	0.00869488973941	0.00463253155937
226	Normal	blom	54	1.0	1891640505.58	1.11692069225	-2.04246062836	2.06340586019	0.0265769058885	0.00602263834024
226	Normal	blom	55	1.0	977227972.598	1.15155705479	-2.0097858427	2.06712155497	0.023767142739	0.00247518962389
226	Normal	blom	56	1.0	56830690.4282	1.1325145369	-2.03653940546	2.06727304904	0.0229466871709	0.00444565752659
226	Normal	blom	57	1.0	547553000.112	1.10616601838	-2.05343164853	2.06523552179	0.0262047491916	0.00440692868998
226	Normal	blom	58	1.0	1009745550.15	1.17584528796	-2.00539411257	2.0685439649	0.0144961372981	0.00272653222093
226	Normal	blom	59	1.0	366437940.741	1.13117843173	-2.03679600594	2.06282881219	0.0223198007449	0.00696140505416
226	Normal	blom	6	1.0	845161800.07	1.12972668506	-2.02867323784	2.06105872647	0.020559249456	0.00714474213389
226	Normal	blom	60	1.0	614673936.69	1.10125714776	-2.03909686601	2.06158689454	0.0290907758867	0.00600866018196
226	Normal	blom	61	0.207722157717	428153025.223	1.14809855596	-2.0366056993	2.07154218977	0.00633671425695	0.00194249885974
226	Normal	blom	62	1.0	551877865.797	1.09815318888	-2.03789899055	2.06986111091	0.0285518183404	0.000414820247156
226	Normal	blom	63	1.0	1202502486.16	1.19421061942	-2.00362099686	2.06604053807	0.0272808431189	0.00591501277809
226	Normal	blom	64	1.0	1220639233.53	1.1637207825	-2.00686681043	2.06506679569	0.0231462887782	0.00574197653729
226	Normal	blom	65	1.0	286681571.86	1.14199961237	-2.02983855272	2.06761379235	0.0280114864276	0.00588480683592
226	Normal	blom	66	1.0	72902338.458	1.16627118239	-2.01610676586	2.06136608614	0.0228085208607	0.00741440831571
226	Normal	blom	67	1.0	395625498.1	1.1484793922	-2.0239127613	2.06552030787	0.0268037581112	0.00514147306522
226	Normal	blom	68	1.0	139226008.169	1.2072903224	-1.99697469591	2.07218379521	0.0110419581923	0.00258528550951
226	Normal	blom	69	1.0	308137453.379	1.10137879586	-2.05673458502	2.06917225067	0.0259767653382	0.00275979812612
226	Normal	blom	7	1.0	675584230.062	1.10641950094	-2.04854992635	2.06694218426	0.0157311268367	0.00826674790642
226	Normal	blom	70	1.0	286407438.414	1.10455358506	-2.03809429015	2.05889561017	0.0237205584944	0.00920126976532
226	Normal	blom	71	1.0	753512813.687	1.15172102633	-2.01750372446	2.07216782061	0.0223652361185	-0.000397561093089
226	Normal	blom	72	1.0	48133080.6935	1.13914148851	-2.019039768	2.0683272606	0.0235728030352	0.00208952001487
226	Normal	blom	73	1.0	374860662.303	1.13621719966	-2.02744497854	2.06348187154	0.0278610683326	0.00453706886969
226	Normal	blom	74	1.0	279863188.968	1.20722119688	-1.99154223906	2.071215604	0.0258414868561	0.0025036002696
226	Normal	blom	75	1.0	391861063.025	1.17155756284	-2.01050190589	2.07084614995	0.0113216052414	0.00205024481603
226	Normal	blom	76	1.0	31092650534.8	1.1243893788	-2.03450534413	2.06735910831	0.0159796441704	0.00270444571876
226	Normal	blom	77	1.0	296007981.917	1.15543989756	-2.01784077709	2.06400019608	0.0210119695494	0.0058471811658
226	Normal	blom	78	1.0	599180412.582	1.12568715307	-2.03770322824	2.06460806752	0.0261069995869	0.00622695998672
226	Normal	blom	79	1.0	371296460.051	1.22094844232	-1.98163251533	2.068294246	0.0239865801654	-0.000374634336676
226	Normal	blom	8	1.0	551080074.916	1.13142790854	-2.03011593313	2.06176686646	0.0277817015491	0.00890880858829
226	Normal	blom	80	1.0	366027435.101	1.09470405927	-2.05633206933	2.06695242087	0.0140409534494	0.00448741750441
226	Normal	blom	81	1.0	1529056929.82	1.13135551291	-2.02901433355	2.06795259466	0.0198702465601	0.00483154963655
226	Normal	blom	82	1.0	602091473.765	1.10912057928	-2.03719040742	2.0678979403	0.0227656772718	0.0033296424381
226	Normal	blom	83	1.0	342114497.822	1.14668897118	-2.03256041646	2.06512496047	0.0257363226544	0.00687402579343
226	Normal	blom	84	1.0	283592140.106	1.09659748337	-2.05207700369	2.07409421048	0.00837881128697	0.00036177544043
226	Normal	blom	85	1.0	80196278.793	1.08899058397	-2.04208376451	2.05916528517	0.0216862792445	0.00903297845022
226	Normal	blom	86	1.0	456431856.437	1.17170406085	-2.00717877553	2.07238710513	0.0200145551711	0.000545368031663
226	Normal	blom	87	1.0	35661427.083	1.19518372206	-1.99164670895	2.06834239377	0.0219657379937	0.0034317903057
226	Normal	blom	88	1.0	508088647.349	1.13384482939	-2.0308371005	2.06799729935	0.0145270053077	0.00283816168496
226	Normal	blom	89	1.0	941598689.557	1.13665257454	-2.03023997686	2.06931639632	0.0259538692606	0.00271876264724
226	Normal	blom	9	1.0	16655132.1633	1.09853179258	-2.04631378052	2.06527261255	0.0264637490395	0.00443627406547
226	Normal	blom	90	0.0	188798789.432	1.14426832204	-2.01884201467	2.06008103826	0.0100104932957	0.00660705492576
226	Normal	blom	91	1.0	423784256.694	1.08456317443	-2.06685770765	2.07045456892	0.0267984812483	0.00262538394142
226	Normal	blom	92	1.0	672575551.359	1.11457654003	-2.03563354961	2.06123313051	0.0234205956957	0.00625601996606
226	Normal	blom	93	1.0	1062523834.99	1.15582900545	-2.03045352904	2.0679269819	0.024428003887	0.00537826118056
226	Normal	blom	94	1.0	370598053.754	1.18909824678	-2.0036041235	2.06327102122	0.0244993883224	0.00813027004926
226	Normal	blom	95	1.0	1074754164.63	1.12758986155	-2.04376785363	2.0626546227	0.0235603496751	0.00774408919251
226	Normal	blom	96	1.0	851701458.049	1.11761421357	-2.04872937174	2.06494110013	0.023572920765	0.00851600089583
226	Normal	blom	97	1.0	562492654.854	1.15523194364	-2.01935609211	2.06937333055	0.0129732053126	0.00598232773355
226	Normal	blom	98	1.0	122459791.113	1.20206977961	-1.99480752379	2.06708648847	0.0250533596501	0.00350306128863
226	Normal	blom	99	1.0	435868708.711	1.14506789008	-2.01894398439	2.0654966623	0.026493601516	0.000558241994357
226	Normal	boxcox	1	0.0	149375434.335	1.31489358234	-2.70202344694	2.19548226216	0.00138570688029	0.00301446675121
226	Normal	boxcox	10	0.999998843126	452414073.567	1.41591365689	-2.62741840179	2.19754337485	0.02740203115	0.00136088193273
226	Normal	boxcox	100	0.0	498751300.234	1.51705768851	-2.52597676155	2.20008362166	0.00135568476027	-0.00282209385053
226	Normal	boxcox	11	0.0	17604332.3671	1.58275267456	-2.51562386751	2.20115509583	-0.00139110536625	-0.00490702792528
226	Normal	boxcox	12	1.0	88129125.3402	1.34461617798	-2.69330805955	2.2034663855	0.0139877250887	0.00470634972931
226	Normal	boxcox	13	0.0087920605096	496844355.387	1.53394706527	-2.51956457703	2.2034190014	0.00206295855686	0.00362048497096
226	Normal	boxcox	14	0.00854584801077	493405378.336	1.82220337347	-2.29351879848	2.20628560065	0.000103035014633	-0.00241782327205
226	Normal	boxcox	15	0.999989350905	131596905.579	1.50246957013	-2.56816074195	2.21886707793	0.0104625282652	-0.00171349642389
226	Normal	boxcox	16	1.0	171520857.736	1.39529996019	-2.66238367104	2.18476654479	0.00960956097667	0.00607254214519
226	Normal	boxcox	17	0.0	540914516.03	1.40031392752	-2.64475671126	2.18852992207	0.0249986823893	0.000101597140775
226	Normal	boxcox	18	0.994121917169	361529532.193	1.40416990749	-2.57886356316	2.19813923596	0.00146425352775	0.00171354265937
226	Normal	boxcox	19	0.999131639369	36147033.6467	1.28979957097	-2.7503413581	2.20252524144	0.0241516672845	0.00469980908933
226	Normal	boxcox	2	0.0381200765225	138852607.949	1.53245379819	-2.55079939419	2.21448080877	-0.00321006612704	-0.00481595277862
226	Normal	boxcox	20	1.0	382727697.303	1.62889780466	-2.41282073187	2.18114868566	0.0298319722322	0.00507120014701
226	Normal	boxcox	21	0.0203054591086	612953964.771	1.34551571139	-2.6940306063	2.19027193583	0.0039703747542	0.00141732236523
226	Normal	boxcox	22	0.00655154679619	585253399.068	1.64615543094	-2.44040373281	2.20416685061	0.000614090255223	0.00333131126162
226	Normal	boxcox	23	0.0	134934412.897	1.38935501806	-2.65598195398	2.19413869336	-0.000340315281894	-0.000919959780103
226	Normal	boxcox	24	0.803424021574	547058021.179	1.37080809036	-2.67544053745	2.19675296725	0.00639259437867	0.00292339965032
226	Normal	boxcox	25	0.0038058605778	144249948.481	1.60088045836	-2.47711958494	2.20648106589	0.000189327611136	0.00165184421144
226	Normal	boxcox	26	0.0	109714904.037	1.43047767051	-2.62706130261	2.20129114125	-0.00144279703723	0.00148816478382
226	Normal	boxcox	27	0.0	1079325420.54	1.54762481012	-2.50901230501	2.19787785498	0.00211288096231	0.0023804912905
226	Normal	boxcox	28	0.000593486835639	1236930078.44	1.32669192985	-2.67555513918	2.20444153751	-0.00258028020617	0.000895415922683
226	Normal	boxcox	29	0.00138208355987	1005862286.55	1.47934972962	-2.56836616779	2.19481204476	0.000972621821958	-0.00396881295527
226	Normal	boxcox	3	0.999177372276	593251139.042	1.6187051005	-2.41273383903	2.18246746343	0.00681862424909	0.00169554322965
226	Normal	boxcox	30	0.0005572210575	149717833.982	1.28879038416	-2.70048444714	2.19862067258	0.00149443179101	0.000882372111315
226	Normal	boxcox	31	1.0	737937437.193	1.40066240053	-2.65388715595	2.20558256046	0.0243129702199	0.00163420643812
226	Normal	boxcox	32	0.997692703738	1416131062.37	1.66572418125	-2.41496150131	2.20512057792	0.0017922929603	0.00316980749507
226	Normal	boxcox	33	0.0	1792141995.18	1.37559742963	-2.69609432901	2.20723493209	8.81315358093e-05	-0.00280072758997
226	Normal	boxcox	34	0.0	143262468.133	1.38971741452	-2.6555262665	2.19825478337	-0.00286215689943	-0.00607693096999
226	Normal	boxcox	35	0.0	331871570.204	1.61592113358	-2.44394222249	2.2074334584	-0.00260702535726	-0.00119429721846
226	Normal	boxcox	36	0.0	696613205.156	1.35889750102	-2.67223028385	2.20724958169	-0.000985279604788	0.00032387185292
226	Normal	boxcox	37	0.0232347964918	2552937650.43	1.60015952322	-2.49898944336	2.2030311529	0.00131307366042	0.00231772321916
226	Normal	boxcox	38	0.0	602091423.913	1.45534250561	-2.57618201557	2.19387719504	-0.00141924602526	0.00154899205653
226	Normal	boxcox	39	0.0	208160484.598	1.38189900876	-2.65044656907	2.2021812174	0.000189043682785	-0.000982464612364
226	Normal	boxcox	4	1.0	255665331.56	1.56909406982	-2.51565772852	2.21461016017	0.0102829521416	0.00172778351531
226	Normal	boxcox	40	0.0	771609933.929	1.41811964978	-2.59194631968	2.18575268649	-0.0024888672187	-0.000767517876995
226	Normal	boxcox	41	0.0	583135213.708	1.59324369347	-2.50566138457	2.21025189531	0.000975863440917	-0.0024219140219
226	Normal	boxcox	42	0.0	476865079.616	1.3066274545	-2.68729424585	2.19673096966	-0.00335954907635	-0.006299451882
226	Normal	boxcox	43	0.999999999872	1465184524.22	1.23770677356	-2.78287661254	2.19059101865	0.01313556193	0.00193197083413
226	Normal	boxcox	44	0.0197846057813	526746367.784	1.60610628318	-2.44070391166	2.2036689257	-0.00116899421172	-0.00205336946806
226	Normal	boxcox	45	0.0	240948922.748	1.45812545057	-2.58349401568	2.20883566343	-0.00198070807494	-0.00563963422816
226	Normal	boxcox	46	0.0836187910888	409446733.752	1.67949147619	-2.41835492188	2.21246666214	0.00491675059034	-0.00303748898846
226	Normal	boxcox	47	1.0	592151153.279	1.5915737035	-2.50476428037	2.20835966997	0.0265783914225	0.00438726405095
226	Normal	boxcox	48	1.0	782680043.31	1.50871658838	-2.59459118995	2.20701121843	0.0275558280614	0.0053938282036
226	Normal	boxcox	49	0.0	89383192.0916	1.53353044605	-2.48754628346	2.19300900659	-0.00177271162738	-0.00402557765015
226	Normal	boxcox	5	0.014362534699	107300677.748	1.45266099768	-2.61292566446	2.20284742363	0.00299343793847	0.00512516945354
226	Normal	boxcox	50	0.0	124582606.964	1.71151320897	-2.368037463	2.19626821248	9.97538192631e-06	-0.00376185960418
226	Normal	boxcox	51	0.0241908932425	75595342.5884	1.37193009168	-2.67774827059	2.20767656717	0.00104678358149	0.0070028706886
226	Normal	boxcox	52	0.0	232967525.498	1.63085796324	-2.45379849319	2.20671808887	-0.000247246622446	0.000573867086201
226	Normal	boxcox	53	0.0224730209464	334520397.003	1.36364290537	-2.66607068822	2.19967721238	0.00303663529189	0.00479944062357
226	Normal	boxcox	54	1.0	422859870.831	1.64855207548	-2.43665815372	2.19358642143	0.027947877834	0.00226418710421
226	Normal	boxcox	55	0.999999995903	588751866.649	1.49722959785	-2.56020701491	2.19210505379	0.00920486816255	0.00608375440399
226	Normal	boxcox	56	0.999999997336	382599246.816	1.63652525757	-2.46482565662	2.21352781028	0.0246755338638	-0.00152768483232
226	Normal	boxcox	57	1.0	180848248.399	1.66821297149	-2.42542430193	2.20079492521	0.028092304835	0.00488767700123
226	Normal	boxcox	58	0.0	1098847274.29	1.41736453313	-2.63125555492	2.200878229	0.000447647753754	0.0029587004212
226	Normal	boxcox	59	0.999999999497	79348379.7857	1.36510074057	-2.68025844142	2.19004155647	0.0213152004832	0.00833396086535
226	Normal	boxcox	6	0.00408732532253	1416425690.45	1.48498653464	-2.55165164296	2.19239665214	-0.00109109430743	0.00142256945167
226	Normal	boxcox	60	0.00444361882776	415044132.377	1.39267831114	-2.6402751717	2.21307359093	0.00121585314399	0.00308376870325
226	Normal	boxcox	61	0.0044523767967	637681804.253	1.54427148144	-2.55238148534	2.2189746055	-0.00202975030177	-0.00287562967759
226	Normal	boxcox	62	0.0	620100741.82	1.36440439748	-2.6417734831	2.19217801389	0.0287363013559	-0.000381242135357
226	Normal	boxcox	63	0.012210694846	861086872.61	1.64589511729	-2.48798930126	2.22110555682	-0.000737560069541	-0.00111231750895
226	Normal	boxcox	64	1.0	165395184.138	1.41451969065	-2.6095762468	2.1869220158	0.0270742900371	0.00489310049562
226	Normal	boxcox	65	0.0	24757312.5812	1.37653695856	-2.67446858116	2.20184524433	-0.000620295779981	0.00122833966667
226	Normal	boxcox	66	0.0	615625643.72	1.66824507413	-2.42961823015	2.20034373681	0.00608126841209	0.00488501716083
226	Normal	boxcox	67	0.0	584938233.716	1.63939380125	-2.44416107724	2.19870551618	-0.00212514575849	-0.00299313928408
226	Normal	boxcox	68	0.0	389689116.973	1.39973216929	-2.70363826497	2.19679647188	0.00226003906899	5.16378819017e-05
226	Normal	boxcox	69	0.0	365001559.613	1.64529208668	-2.42534691008	2.20005382093	-0.000790770079875	0.00202661340511
226	Normal	boxcox	7	0.0	736250750.91	1.66183639934	-2.42897742056	2.20967223749	-0.00162082696132	0.00914237401795
226	Normal	boxcox	70	0.0	127709061.402	1.49738779649	-2.54564121041	2.19952066827	-0.00190062851796	-0.0016945764976
226	Normal	boxcox	71	0.00573079056592	412654723.624	1.49970180564	-2.57165649938	2.21499136977	0.00377651496604	0.00434211427348
226	Normal	boxcox	72	0.0181038471012	108163823.023	1.37169396433	-2.64191943133	2.20073189689	0.00351540317358	0.00191751515946
226	Normal	boxcox	73	1.0	72883885.2715	1.49192949228	-2.57772283619	2.19241751369	0.0285354438486	0.00136744851051
226	Normal	boxcox	74	0.0280598760647	827389081.299	1.53978623415	-2.54947540597	2.19809032316	-0.000313878162208	0.00166561494702
226	Normal	boxcox	75	0.0	374368186.467	1.49492919785	-2.58601273294	2.20395904528	0.00707022320748	0.00129116754722
226	Normal	boxcox	76	0.0	4236213212.83	1.59479588224	-2.44190701244	2.19799584895	0.000549127695971	-0.00126337170051
226	Normal	boxcox	77	0.0825337291838	300272873.963	1.53539868	-2.51689567281	2.20140124643	0.000863801396441	0.00178698851312
226	Normal	boxcox	78	1.0	354647349.749	1.53736726996	-2.53024675776	2.19591706007	0.0256624109798	0.00367069646977
226	Normal	boxcox	79	0.976869052685	270665559.673	1.41548584605	-2.6469010906	2.21407323578	0.0106834208352	-0.000578411361306
226	Normal	boxcox	8	1.0	2730247335.93	1.39360232078	-2.65027300357	2.19437612959	0.0309190978335	0.00715591612751
226	Normal	boxcox	80	0.0119292955646	398044685.184	1.56044387366	-2.51782535283	2.21084103728	-0.000912385551195	-0.00392909565726
226	Normal	boxcox	81	0.0	222953788.148	1.36395053808	-2.67210588127	2.21107720369	-0.00171822611525	-0.00064314356313
226	Normal	boxcox	82	0.0266515666896	512998348.11	1.5759195335	-2.48146424843	2.20559000528	0.000834839438569	-0.00133545687665
226	Normal	boxcox	83	1.0	281117232.288	1.59112355728	-2.52133635301	2.21251849331	0.0283447412332	0.00390857280418
226	Normal	boxcox	84	0.0125800965554	542154544.819	1.53399883993	-2.52314044924	2.21211845424	0.00147405321716	-0.00125946840412
226	Normal	boxcox	85	0.0405654343128	658291986.164	1.56814041065	-2.4754933282	2.20125235894	0.000830598522112	0.00397796646779
226	Normal	boxcox	86	1.0	121762421.971	1.44030227974	-2.6226909974	2.20262579466	0.0226280182809	0.00436220829638
226	Normal	boxcox	87	1.0	190363895.843	1.62104056527	-2.46408077384	2.20727516433	0.0286464977104	0.000865612783489
226	Normal	boxcox	88	0.0	806736443.499	1.39869316038	-2.64507024554	2.20309963523	0.00158663289864	-0.00111849835988
226	Normal	boxcox	89	1.0	16409861.4357	1.54382279349	-2.51160276265	2.19109996345	0.0279260599566	0.00352832542761
226	Normal	boxcox	9	0.999999999523	428181380.079	1.59453504587	-2.46077853733	2.19947497238	0.0239544741537	0.00289057740907
226	Normal	boxcox	90	1.0	26737977.003	1.41889502635	-2.63452088606	2.19481840499	0.0182255449652	0.00386720978752
226	Normal	boxcox	91	1.0	486907475.076	1.44768090247	-2.62025145383	2.19282784548	0.029753122008	0.00417791001085
226	Normal	boxcox	92	0.99953388327	362554810.946	1.3842741886	-2.63580491422	2.20526907362	0.0245122417576	-0.00359950946771
226	Normal	boxcox	93	0.0	125082955.501	1.37202340351	-2.69894207453	2.20995579258	0.00110635262998	0.00242905574715
226	Normal	boxcox	94	0.0	235893970.129	1.64006042693	-2.45710675184	2.1865967927	-0.000461736526715	-0.00156207429105
226	Normal	boxcox	95	1.0	1621304230.56	1.61199520926	-2.48591137719	2.18779159775	0.0260358270617	0.00744610080125
226	Normal	boxcox	96	0.0296143973264	110105601.17	1.60969599245	-2.48027859383	2.20249892047	-0.0011575451493	0.00162413829663
226	Normal	boxcox	97	0.0	280561313.519	1.54100027363	-2.55665179233	2.20006427427	2.48593858914e-05	0.00308835115759
226	Normal	boxcox	98	1.0	325910774.322	1.65881737948	-2.43862232299	2.18928494167	0.0252221640018	0.00801536886151
226	Normal	boxcox	99	0.794932949657	4276613321.94	1.54336176234	-2.50717759811	2.2104208553	0.0114461741699	0.00207580043591
226	Normal	log	1	1.0	144150860.6	1.46586302291	-1.33866443531	2.20341148445	0.0488264167549	-0.00131644334558
226	Normal	log	10	1.0	2202125117.18	1.49069632656	-1.31961580345	2.19244818266	0.0562725056114	0.00682370861773
226	Normal	log	100	1.0	1296127873.66	1.73451091404	-1.08244146527	2.19036952617	0.0547351810559	0.00755943814469
226	Normal	log	11	1.0	628479725.516	1.78589016285	-1.0955199346	2.19739449424	0.0573011941008	0.0116431840399
226	Normal	log	12	1.0	7021340254.77	1.46326474302	-1.35644710422	2.18699308313	0.0592278929318	0.0117003429273
226	Normal	log	13	1.0	2833066356.03	1.73277821284	-1.08297408815	2.19559340648	0.0544341286598	0.00689133644353
226	Normal	log	14	1.0	4583119970.5	2.11622571029	-0.779338845877	2.19407603859	0.0499988565115	0.00743235555741
226	Normal	log	15	1.0	6853201856.56	1.61583561088	-1.21114808822	2.19130506568	0.0618482464151	0.0137757227266
226	Normal	log	16	1.0	2478461345.65	1.54353255793	-1.29059661171	2.19510822592	0.0524949911326	0.00309726976786
226	Normal	log	17	1.0	3655511070.77	1.52091925924	-1.29123688298	2.19170001279	0.0589568147763	0.00662609739462
226	Normal	log	18	1.0	1514668300.93	1.60525053676	-1.17493935831	2.198736568	0.0521923923134	0.00309480746664
226	Normal	log	19	1.0	3784420146.79	1.38407373186	-1.42330655548	2.18697784384	0.059548490434	0.00672278447378
226	Normal	log	2	1.0	155846695.751	1.81050428947	-1.06127764055	2.20176490625	0.05236364153	0.00464979035156
226	Normal	log	20	1.0	2026719491.12	1.90414628798	-0.928774064256	2.17590354086	0.0628002350375	0.0155975582734
226	Normal	log	21	1.0	3704288761.36	1.46680583561	-1.34900184524	2.20429177536	0.0501815950595	5.64369304461e-05
226	Normal	log	22	1.0	1289159482.69	1.92478729552	-0.932111996977	2.18854404057	0.0606409698984	0.0110771278275
226	Normal	log	23	1.0	1650209721.67	1.58330451226	-1.24792679476	2.18497656691	0.0559039587982	0.0119406500214
226	Normal	log	24	1.0	6308938463.69	1.52588742576	-1.31057522685	2.19185477298	0.0587763265873	0.00637021105298
226	Normal	log	25	1.0	2608814447.32	1.85340389892	-1.0032996824	2.20135759933	0.0415821951752	0.00671421270982
226	Normal	log	26	1.0	251109797.264	1.57750913401	-1.2530011691	2.20694520505	0.0314440340315	0.00509114099165
226	Normal	log	27	1.0	19447277190.9	1.72017739236	-1.10534535556	2.19775193499	0.0462041281617	0.00323709680361
226	Normal	log	28	1.0	12428742915.8	1.47188336293	-1.31672358893	2.19120446111	0.0561646911437	0.00782741634381
226	Normal	log	29	1.0	14328415567.3	1.7548433327	-1.08477726578	2.19484590045	0.0574232286007	0.0065034909679
226	Normal	log	3	1.0	16028555323.2	1.81295901445	-0.990817126906	2.18453474031	0.0541026621042	0.00680340267046
226	Normal	log	30	1.0	1330485255.61	1.41147305628	-1.37359138436	2.18704541311	0.0431473339192	0.00925674090932
226	Normal	log	31	1.0	4558623846.24	1.54881793809	-1.29404856766	2.21401389943	0.0465958220056	0.00046580398489
226	Normal	log	32	1.0	1077482210.24	1.88453207028	-0.978684231815	2.18732301466	0.0565317792481	0.0106579332305
226	Normal	log	33	1.0	3932138021.15	1.45420903212	-1.37917842442	2.19285479695	0.0593332264178	0.00979572417559
226	Normal	log	34	1.0	1429478853.49	1.51366909704	-1.29741683015	2.19061648848	0.0562838898315	0.00887449153724
226	Normal	log	35	1.0	1306393078.45	1.84559376446	-0.983657906589	2.19568049816	0.0582721008163	0.00541897718002
226	Normal	log	36	1.0	3713459337.27	1.50758700291	-1.31531772604	2.19160485434	0.0495177046601	0.00712228753754
226	Normal	log	37	1.0	135214385.684	1.77902701604	-1.08457470835	2.19046156696	0.0572653235885	0.0116384441149
226	Normal	log	38	1.0	20759038503.1	1.65312177674	-1.17833506938	2.18417274326	0.0515079593889	0.00987288821018
226	Normal	log	39	1.0	1670778796.47	1.54923097003	-1.27776871921	2.20048442062	0.0600700432476	0.00377076176424
226	Normal	log	4	1.0	5367568770.6	1.77807563023	-1.08528804456	2.19803809675	0.0612637305948	0.00682105296195
226	Normal	log	40	1.0	3952815275.15	1.60825422052	-1.19118229763	2.18464911153	0.0521000686286	0.00896988270712
226	Normal	log	41	1.0	1782944862.6	1.78638061598	-1.08743343304	2.19052186892	0.0593034225275	0.0122174033135
226	Normal	log	42	1.0	7201038400.45	1.46847670718	-1.32622854094	2.18331061215	0.0580556612265	0.00787358833679
226	Normal	log	43	1.0	1045213061.04	1.35392998917	-1.45484432366	2.19801091248	0.0547064309523	0.00608681389893
226	Normal	log	44	1.0	3654986227.37	1.80543750636	-1.02370038113	2.1938195567	0.0572074364917	0.00237962455972
226	Normal	log	45	1.0	7695736467.57	1.6529698637	-1.17198607767	2.19654417043	0.0475823696398	0.00763415048434
226	Normal	log	46	1.0	2490565673.63	1.91272343014	-0.957014786842	2.18868181915	0.0572021763024	0.0106764219988
226	Normal	log	47	1.0	1553212057.06	1.72461486352	-1.12643432358	2.19377563197	0.0538517382277	0.00934281262521
226	Normal	log	48	1.0	3293052421.58	1.63640611534	-1.21610053621	2.1973505616	0.0539982389418	0.00993164454299
226	Normal	log	49	1.0	1383604484.69	1.69488344056	-1.10473022581	2.18422162296	0.0568530984867	0.0104277331066
226	Normal	log	5	1.0	499344835.744	1.55976771166	-1.26820865095	2.19630097655	0.0534525425419	0.0095370021176
226	Normal	log	50	1.0	2248457095.11	1.95549394129	-0.915017140638	2.18737999291	0.0597047911004	0.0116619504562
226	Normal	log	51	1.0	4396082514.75	1.51472251042	-1.32094506219	2.19757851006	0.0581743254148	0.00817114719877
226	Normal	log	52	1.0	2923382352.89	1.85548636753	-0.989698148346	2.1979451502	0.0593641438615	0.00940193652257
226	Normal	log	53	1.0	5592870728.18	1.55043177168	-1.26665376147	2.19661186178	0.0526861973223	0.00734390154491
226	Normal	log	54	1.0	2570440312.9	1.84123860285	-1.00822572175	2.18633968905	0.0646755446825	0.0108841276731
226	Normal	log	55	1.0	3257531900.3	1.63447287603	-1.19689386237	2.18939098735	0.0578620725732	0.00802220751553
226	Normal	log	56	1.0	2734418686.3	1.90438862118	-0.971850536437	2.19860572929	0.0579962491444	0.00857969982635
226	Normal	log	57	1.0	2652655702.44	1.92735254235	-0.94812908924	2.20128427234	0.0580730113327	0.00494647477922
226	Normal	log	58	1.0	1728344881.08	1.59234631083	-1.2416939794	2.19288293236	0.0559572083092	0.00783056661509
226	Normal	log	59	1.0	35284857169.2	1.54444438005	-1.29284819269	2.18872660171	0.0495447619043	0.0082309678831
226	Normal	log	6	1.0	7351292819.71	1.68886609127	-1.14197915159	2.18526724824	0.0593773893524	0.00864770854974
226	Normal	log	60	1.0	2896599618.43	1.53737592171	-1.27264799303	2.19923527326	0.0576486383236	0.00634957596148
226	Normal	log	61	1.0	3470131965.74	1.79217032487	-1.08689699691	2.21258812332	0.0443446189596	0.00412052410282
226	Normal	log	62	1.0	1457858447.42	1.5357868763	-1.25905478391	2.19465870074	0.055936215541	0.00419224473314
226	Normal	log	63	1.0	1736128569.74	1.88976949131	-1.03347037739	2.20425637363	0.0561293993682	0.010582950038
226	Normal	log	64	1.0	4096394355.9	1.59698138821	-1.20950490708	2.1844620879	0.0508161232869	0.0055994451182
226	Normal	log	65	1.0	292182524.478	1.50494993546	-1.30953382448	2.19282134318	0.0573485728919	0.00802165060257
226	Normal	log	66	0.0	4104678006.54	1.98486794312	-0.915387381129	2.19809870916	0.0427355688903	0.00157349707521
226	Normal	log	67	1.0	2298168985.91	1.96871614508	-0.912615752943	2.19257506396	0.050077527992	0.00570202554667
226	Normal	log	68	1.0	1997582073.5	1.45258831989	-1.40770917655	2.19916459138	0.0615851830229	0.00886417196986
226	Normal	log	69	1.0	111034416.715	1.85619097923	-0.986736416127	2.19597624501	0.0620541868733	0.0082902307793
226	Normal	log	7	1.0	364631762618.0	1.89958113263	-0.965154270176	2.19983578701	0.0537166080658	0.0105291837659
226	Normal	log	70	1.0	202890664.519	1.71992235659	-1.11121657736	2.19295954653	0.0560758710536	0.00802702161914
226	Normal	log	71	1.0	5014164268.52	1.65623729811	-1.19122142097	2.20092225935	0.057423472234	0.00534251942498
226	Normal	log	72	1.0	352555382.626	1.54093310876	-1.25217997475	2.19512953155	0.0503556749662	0.00453116217144
226	Normal	log	73	1.0	7851454125.75	1.66227288501	-1.18255861163	2.18486942055	0.057885110945	0.00730304903753
226	Normal	log	74	1.0	3421242954.73	1.67929253458	-1.17928296674	2.18433782044	0.0559367801221	0.0114359462207
226	Normal	log	75	1.0	9149177504.05	1.65168900806	-1.19663421388	2.19856871829	0.0454183175732	0.0041217272281
226	Normal	log	76	1.0	520540350.601	1.78842754328	-1.02577305163	2.19683806675	0.0559971281437	0.00661114600575
226	Normal	log	77	1.0	1537837290.03	1.74333741214	-1.09375202432	2.19274905391	0.0566277282672	0.00496677118666
226	Normal	log	78	1.0	1420023345.24	1.74818977752	-1.10299986326	2.18719953574	0.0587079518285	0.00974571656332
226	Normal	log	79	1.0	3691230384.69	1.56428587161	-1.27920452008	2.19839830303	0.0561541063926	0.0101300486633
226	Normal	log	8	1.0	10687651854.1	1.55300203644	-1.27422771288	2.18516692886	0.0649058247677	0.0107130889126
226	Normal	log	80	1.0	2406304261.19	1.78320343285	-1.0866337764	2.1934398186	0.0579046102921	0.0132315848207
226	Normal	log	81	1.0	664193102.757	1.51266947511	-1.30622910307	2.19062318081	0.0569249221539	0.0103848683015
226	Normal	log	82	1.0	1292687868.31	1.75501302055	-1.05916335333	2.19953543295	0.0561023850771	0.00334815376508
226	Normal	log	83	1.0	6081624366.69	1.80426074919	-1.0742867344	2.19662217912	0.0639596549421	0.0104814433215
226	Normal	log	84	1.0	1498111244.08	1.76216874061	-1.05892447832	2.20124072166	0.0500008911639	0.00740741682475
226	Normal	log	85	1.0	3318793368.26	1.76401282567	-1.05327157281	2.18992038421	0.0535011938028	0.00715602440755
226	Normal	log	86	1.0	519857303.111	1.59390224982	-1.24298373114	2.19964316691	0.0587820569142	0.00639304822699
226	Normal	log	87	1.0	1476276857.92	1.81217400065	-1.04160004208	2.20351419485	0.0536355234535	0.00225778892623
226	Normal	log	88	1.0	2005791875.27	1.5621249707	-1.26163247653	2.19895814691	0.054358393781	0.00687222777348
226	Normal	log	89	1.0	1816769673.9	1.76971481794	-1.065753894	2.19084974397	0.0531179759232	0.00751262668693
226	Normal	log	9	1.0	1143146951.43	1.83667682835	-1.00304471362	2.18652676946	0.0594294206373	0.0129112292944
226	Normal	log	90	1.0	41266644031.0	1.55462043058	-1.28231602016	2.19379229618	0.0342975559559	0.0104313900352
226	Normal	log	91	1.0	2188058796.92	1.67529980749	-1.17366227948	2.19473298436	0.0605942951664	0.0118012199074
226	Normal	log	92	1.0	4417422617.78	1.618049401	-1.20392018334	2.18968037794	0.0572713447288	0.0103842845973
226	Normal	log	93	1.0	711827435.652	1.52543524075	-1.32646155266	2.19321879059	0.0536061149256	0.00897382393668
226	Normal	log	94	1.0	7296899652.19	1.80456715287	-1.06629124662	2.19177563457	0.0590294674261	0.00781282799936
226	Normal	log	95	1.0	2725697988.65	1.83552212747	-1.04696445475	2.18384232153	0.0595000165968	0.014195553502
226	Normal	log	96	1.0	1228288300.56	1.84508747867	-1.01859300178	2.19330386846	0.0617479957869	0.00919847826866
226	Normal	log	97	1.0	2444609226.28	1.70765484766	-1.16945497904	2.20140575491	0.0551271857761	0.00559352403501
226	Normal	log	98	1.0	897929283.266	1.8289506746	-1.02783907578	2.19646351172	0.0523550235107	0.0069719455335
226	Normal	log	99	1.0	4365566386.7	1.78970953461	-1.04579001666	2.19298779272	0.0419893717575	0.0102397776394
226	Normal	voom	1	1.0	765939319.449	0.996322769196	0.0207733165819	2.21679897078	0.0413194940689	-0.0013912342532
226	Normal	voom	10	1.0	913700477.409	1.12442057466	0.0975012401533	2.21357533339	0.0423994569697	0.00441341893322
226	Normal	voom	100	1.0	4629610116.31	1.14068638283	0.114755906913	2.21326945882	0.030633616588	0.00752845517201
226	Normal	voom	11	1.0	466733215.713	1.13693962058	0.0833168960603	2.22831668326	0.0468000888975	0.00296684460404
226	Normal	voom	12	1.0	1545933538.43	1.19456004178	0.150391883919	2.21189680246	0.0461002803899	0.00413077517934
226	Normal	voom	13	1.0	3776777324.88	1.20357892866	0.14429701635	2.23812882722	0.0446918007102	0.00266269118803
226	Normal	voom	14	0.0	9857453156.85	1.2494464833	0.17555383655	2.22659493876	0.0176912072589	0.00493492207422
226	Normal	voom	15	1.0	636177062.732	1.03992010824	0.0471481476436	2.21933416955	0.0484708049527	0.00789388698564
226	Normal	voom	16	1.0	697837790.909	1.12455854686	0.0842143608381	2.22178278327	0.0454238637609	0.00469840273389
226	Normal	voom	17	1.0	5110206511.12	1.11400678782	0.0949897517636	2.21187853157	0.0491575223009	0.010425608633
226	Normal	voom	18	1.0	328828442.532	1.15556049345	0.134140694216	2.21828196954	0.0330155469013	0.00308714738239
226	Normal	voom	19	1.0	1692778129.38	1.13104809724	0.0944510128727	2.22014761934	0.0472668457974	0.00503176861795
226	Normal	voom	2	1.0	323809948.789	1.20973936285	0.131770215986	2.22645890283	0.0459560574839	0.00330317241145
226	Normal	voom	20	1.0	88357988555.7	1.13900473389	0.11496513246	2.21754876996	0.0468670967204	0.00556541381787
226	Normal	voom	21	1.0	708897931.173	1.10115532117	0.0810683656316	2.2123746902	0.0241958655864	0.00719198507516
226	Normal	voom	22	1.0	291228068.852	1.06793952654	0.0622571175936	2.20875419948	0.0441313075168	0.00676009379508
226	Normal	voom	23	1.0	4671530532.64	1.12522863404	0.0966369039213	2.21247869281	0.045434412337	0.00371342389786
226	Normal	voom	24	1.0	3421224543.01	1.11696064756	0.0887391238414	2.19871728788	0.0505497340202	0.0101574422771
226	Normal	voom	25	1.0	1770859050.14	1.17644341575	0.127659047343	2.21723589042	0.0330195940574	0.00256080106963
226	Normal	voom	26	1.0	186464509.545	1.07727171018	0.0729453987118	2.20781846201	0.0442422532322	0.00576874196344
226	Normal	voom	27	1.0	1518921423.46	1.02123788185	0.0410625865569	2.2046558455	0.0408622385794	0.00394288977985
226	Normal	voom	28	1.0	2269616791.62	1.11339470569	0.102226534833	2.21022906333	0.044977451764	0.00324553067181
226	Normal	voom	29	0.999999987027	5620464076.49	1.156279644	0.124537807289	2.22206534784	0.0441918240376	0.00467003755709
226	Normal	voom	3	1.0	801596910.67	1.16237927205	0.13459203103	2.22838786103	0.0437557707623	0.0036546702666
226	Normal	voom	30	1.0	5096393047.62	1.15019582787	0.125798962991	2.22081013171	0.0270982280593	0.00459724429494
226	Normal	voom	31	0.999998578179	642126260.735	1.14263216589	0.114515878791	2.22406477351	0.0138648221314	0.00562656462717
226	Normal	voom	32	0.999999999273	438949390.498	1.17474254783	0.13964711754	2.22041130762	0.0156076546824	0.00040455930561
226	Normal	voom	33	1.0	1109886472.63	1.18204770436	0.125186295493	2.23078943717	0.0466448979288	0.00452132170672
226	Normal	voom	34	1.0	3149796082.07	1.1088677288	0.0936076268467	2.21844824098	0.0449240452213	0.000457014871072
226	Normal	voom	35	1.0	7762715211.56	1.1891317836	0.138878919742	2.22097831265	0.0462942482733	0.00682239639325
226	Normal	voom	36	1.0	2203349081.88	1.0949909024	0.0773544356454	2.21060447702	0.0343705290997	0.00298167867901
226	Normal	voom	37	1.0	17465627715.4	1.26476503291	0.18197983123	2.22976962256	0.0323650923821	0.00499425917156
226	Normal	voom	38	1.0	1114654184.02	1.14023242758	0.116349377632	2.21424358449	0.0454130764503	0.00465118310208
226	Normal	voom	39	1.0	9601175923.34	1.06439973676	0.0675276717242	2.21243141862	0.0474893566023	0.00583664367477
226	Normal	voom	4	1.0	77416312.89	1.04416504411	0.0412530260763	2.20359863493	0.0498015559865	0.00662234734034
226	Normal	voom	40	1.0	3129917770.58	1.12178222339	0.100046702426	2.22310010833	0.0439304425967	0.00362163942726
226	Normal	voom	41	1.0	1099738927.51	1.12862460314	0.0850848997056	2.21858057616	0.0459307538713	0.00312657367745
226	Normal	voom	42	1.0	8452910667.79	1.06120464382	0.0704626023708	2.20269658311	0.0474026909568	0.00946688526218
226	Normal	voom	43	0.0	19974617315.3	1.12286826055	0.0865873660213	2.23409781206	-0.00102393491384	0.00045394189481
226	Normal	voom	44	0.676532378553	4495950910.84	1.17050908705	0.131728042641	2.23443092665	0.0386092641972	-6.69866031473e-05
226	Normal	voom	45	1.0	311678343.388	1.18642141929	0.136663481311	2.23223686232	0.0396517180975	0.00178111704416
226	Normal	voom	46	1.0	1273593945.77	1.20966313725	0.144437695947	2.21049667261	0.0443966279731	0.00376990404185
226	Normal	voom	47	1.0	5714307902.01	1.11534753645	0.0993449881793	2.2199043754	0.0440490065452	0.00309859129496
226	Normal	voom	48	1.0	3327323514.56	1.11454503721	0.082976795831	2.22290459175	0.0457296024198	0.00776336807134
226	Normal	voom	49	1.0	727149535.334	1.11443458381	0.104297554012	2.21994107307	0.0429142650126	0.00341402577012
226	Normal	voom	5	1.0	1241418438.59	1.17979802414	0.125994048761	2.23267689105	0.0181540647055	-0.000879979079642
226	Normal	voom	50	1.0	1590263095.6	1.18878662906	0.129146833818	2.22181966051	0.0356859722469	0.00798712005726
226	Normal	voom	51	1.0	4956951257.38	1.1185712346	0.0951023734769	2.21539471173	0.0510942581424	0.00750270175234
226	Normal	voom	52	1.0	235011532.348	1.10243291479	0.079610174487	2.22455989215	0.0463555582014	0.00662053118702
226	Normal	voom	53	1.0	1503136338.53	1.09611911722	0.0740037338537	2.22483955457	0.0397555835443	0.00339653299859
226	Normal	voom	54	1.0	7201681324.56	1.07347192707	0.0635097986999	2.20927436217	0.051457285565	0.00618997640847
226	Normal	voom	55	1.0	5745915468.67	1.17705522354	0.141358846874	2.2136085624	0.0441936983595	0.00403103099625
226	Normal	voom	56	0.999999999998	1187842644.18	1.11946822464	0.0846131993385	2.22386619755	0.0386422576149	0.00467618462382
226	Normal	voom	57	1.0	4331944016.92	1.1070890226	0.0754061998209	2.21926495476	0.0456120058928	0.0059960738341
226	Normal	voom	58	1.0	2302956133.19	1.16846970825	0.123159883413	2.21726598329	0.0440241948735	0.00801771189814
226	Normal	voom	59	1.0	672094423.393	1.05879765214	0.0555565356319	2.20939604037	0.0400429037732	0.0069947888071
226	Normal	voom	6	1.0	2457734022.92	1.17853299572	0.131495407148	2.21258557738	0.0431240276545	0.00378709034014
226	Normal	voom	60	1.0	560200941.357	1.09440034764	0.0888914154296	2.21369160152	0.0462741543257	0.00404127513711
226	Normal	voom	61	0.0	243565604.733	1.20439458108	0.122811354265	2.23991245178	-0.00570510731551	-0.00431910090407
226	Normal	voom	62	1.0	296913448.459	1.10042899109	0.0985251211065	2.21042736161	0.0481055886559	0.00793795010437
226	Normal	voom	63	1.0	909679082.442	1.30869410565	0.193146002223	2.23017440588	0.0469901757572	0.00241926995363
226	Normal	voom	64	1.0	6630568328.17	1.11355173619	0.100463554785	2.21647836815	0.040480452507	0.00744926948745
226	Normal	voom	65	0.00141168312564	1445687642.88	1.05338024978	0.0557162070184	2.22669294785	0.0024444309509	0.000311369560185
226	Normal	voom	66	0.0	163973916.986	1.16318249657	0.114175850928	2.23001044141	0.0253926875782	0.000639344514334
226	Normal	voom	67	1.0	315751240.178	1.1805698484	0.127750040791	2.20903615603	0.0486867340441	0.00872595165082
226	Normal	voom	68	1.0	2732106587.71	1.16724308858	0.107990208845	2.22404295669	0.0503211998991	0.0010722255481
226	Normal	voom	69	1.0	2107771743.43	1.08333347106	0.0605804196335	2.21996311168	0.0482407253249	0.00535692574448
226	Normal	voom	7	1.0	5504007999.4	1.1196422262	0.0932339039923	2.21735919838	0.0465230933284	0.00597383836381
226	Normal	voom	70	1.0	2238633354.89	1.12547664329	0.110292893536	2.2117896352	0.0413928614944	0.0059912729031
226	Normal	voom	71	1.0	3968916308.17	1.14427061874	0.112067422752	2.22479151177	0.044167286835	0.00721294642528
226	Normal	voom	72	1.0	4177140755.04	0.991450912521	0.0350268899915	2.19114860267	0.0429973628622	0.0102409516131
226	Normal	voom	73	1.0	1366082675.88	1.16010453141	0.120487684551	2.20281896678	0.049471030523	0.00873169334256
226	Normal	voom	74	1.0	2084814962.33	1.19163921704	0.128955367362	2.22007457432	0.048134121999	0.00762621743094
226	Normal	voom	75	1.0	1090789647.53	1.12734348401	0.0954668816174	2.22213811706	0.0360765161015	0.00267938858626
226	Normal	voom	76	0.999999999836	254187460.709	1.07160242719	0.0728993850128	2.21818080763	0.0163293365723	-0.00214560587922
226	Normal	voom	77	1.0	1546007360.69	1.12914199046	0.0987304257168	2.21837522145	0.0442060621684	0.00282441788481
226	Normal	voom	78	1.0	415244116.613	1.20416913473	0.138970694207	2.23175191384	0.0458109799635	0.00673945801158
226	Normal	voom	79	1.0	1028920599.75	1.14710570616	0.106438785142	2.23064464373	0.0415414303957	0.0016176699787
226	Normal	voom	8	1.0	1104003977.65	1.16857326029	0.124210362527	2.21584798281	0.053612533176	0.0111643745403
226	Normal	voom	80	1.0	501421124.163	1.12436680619	0.0896918024267	2.21172353908	0.0464102714945	0.000582106623728
226	Normal	voom	81	1.0	886005892.239	1.06138925674	0.0637254309315	2.20815684017	0.0419514749584	0.00163516617151
226	Normal	voom	82	0.0	718267794.435	1.02789588497	0.0566474943263	2.2154045355	0.00950361116988	0.00272614450997
226	Normal	voom	83	1.0	1051969405.29	1.21824230019	0.13830593319	2.22905018321	0.0495781356322	0.00593979828399
226	Normal	voom	84	1.0	1660397533.99	1.03290942992	0.046141412228	2.21545434922	0.0377402419978	-0.000458644881264
226	Normal	voom	85	1.0	181951439.405	1.16283599988	0.137311381322	2.21713073275	0.0432269817159	0.00514983065719
226	Normal	voom	86	1.0	1720874003.13	1.15933898956	0.115873336215	2.21915323555	0.0462737060869	0.00723028872713
226	Normal	voom	87	1.0	1754597472.31	1.24378591152	0.169687809956	2.22732890513	0.0455654666405	0.00696618137505
226	Normal	voom	88	1.0	4519315537.81	1.15851037494	0.117832225824	2.22252197296	0.0452939987852	0.00507873009561
226	Normal	voom	89	1.0	1659582519.86	1.15885820076	0.115192939961	2.21835479265	0.0459898247594	0.00536362673811
226	Normal	voom	9	1.0	52577206.8282	1.12325467162	0.10076827099	2.21167666186	0.0436394555743	0.00462120266013
226	Normal	voom	90	1.0	2930772648.36	1.13507387166	0.103860328771	2.22274371201	0.0290326009383	0.00118280566976
226	Normal	voom	91	1.0	6014973503.44	1.06342203084	0.0476015881246	2.20690979804	0.0476454240805	0.00466758649941
226	Normal	voom	92	1.0	1960774076.72	1.12911479299	0.109469866189	2.21434675473	0.0449511132237	0.0103106579475
226	Normal	voom	93	1.0	1635571824.39	1.10582202673	0.0720458968473	2.22926635078	0.043507468419	0.00364509868144
226	Normal	voom	94	1.0	1526413464.01	1.19471477988	0.132104816378	2.21856268361	0.047373811649	0.00682617803969
226	Normal	voom	95	1.0	245861914.871	1.09410187728	0.0639348125058	2.20087067833	0.0448835888593	0.00676842567968
226	Normal	voom	96	1.0	10867250148.5	1.10703164508	0.0720545632341	2.21668318523	0.0454668712006	0.00484323811683
226	Normal	voom	97	1.0	1303378503.61	1.19972927049	0.134185073165	2.23653438032	0.0238340615851	0.00126928147823
226	Normal	voom	98	1.0	946706195.002	1.14409910388	0.102963037954	2.21431196019	0.0447641005476	0.00425437570914
226	Normal	voom	99	0.0	10230910853.9	1.19834687696	0.151485483206	2.21611792322	0.0151836288516	0.00747867571483
226	Poisson	none	1	1.0	238.761580672	238.761580672	237.836614267	0.572443574094	0.97960761551	0.83019918108
226	Poisson	none	10	1.0	261.644718679	261.644718679	260.703442437	0.57288653819	0.978862670068	0.829358479703
226	Poisson	none	100	1.0	263.372728324	263.372728324	262.46950163	0.577698840558	0.978418908769	0.828043508079
226	Poisson	none	11	1.0	252.180331034	252.180331034	251.191697524	0.584874152138	0.978609030207	0.826062778516
226	Poisson	none	12	1.0	288.458526724	288.458526724	287.590100178	0.579212276805	0.977817752015	0.826545452308
226	Poisson	none	13	1.0	310.932098707	310.932098707	310.017576018	0.577236630562	0.978572769793	0.828140566493
226	Poisson	none	14	1.0	259.553692391	259.553692391	258.632709242	0.586414745847	0.97764417021	0.825035247932
226	Poisson	none	15	1.0	264.410659892	264.410659892	263.50995683	0.588888356084	0.978368208212	0.824883886212
226	Poisson	none	16	1.0	269.359451095	269.359451095	268.423630009	0.581628029087	0.979133952673	0.827734012571
226	Poisson	none	17	1.0	274.114129486	274.114129486	273.177601556	0.574062506711	0.978763504345	0.829021443758
226	Poisson	none	18	1.0	293.294817124	293.294817124	292.432774188	0.570656024569	0.978739310506	0.830719041702
226	Poisson	none	19	1.0	284.286209899	284.286209899	283.357266393	0.577523033979	0.978931858637	0.82786175866
226	Poisson	none	2	1.0	273.550116931	273.550116931	272.598289504	0.586277348242	0.978123337023	0.825871339926
226	Poisson	none	20	1.0	258.297110794	258.297110794	257.394728265	0.573754411315	0.978227546495	0.829222810179
226	Poisson	none	21	1.0	254.610633475	254.610633475	253.697720969	0.578649950888	0.978429607556	0.827565606839
226	Poisson	none	22	1.0	238.872776499	238.872776499	237.943892234	0.586706221865	0.978361582165	0.825539032129
226	Poisson	none	23	1.0	263.784698089	263.784698089	262.853367874	0.575170040597	0.978737009208	0.828512839708
226	Poisson	none	24	1.0	293.119462757	293.119462757	292.198861236	0.580145761767	0.977956589323	0.826907540685
226	Poisson	none	25	1.0	240.926836673	240.926836673	240.040593582	0.590516647792	0.977817361619	0.82458034179
226	Poisson	none	26	1.0	235.576579895	235.576579895	234.675371187	0.579531381182	0.978440463696	0.827516051497
226	Poisson	none	27	1.0	229.772215793	229.772215793	228.848169879	0.577920154062	0.978572822631	0.828009630312
226	Poisson	none	28	1.0	295.563024593	295.563024593	294.692297293	0.57819699262	0.978026794246	0.828065739536
226	Poisson	none	29	1.0	291.137491836	291.137491836	290.233258942	0.579710050423	0.977309535239	0.826875248159
226	Poisson	none	3	1.0	300.935608673	300.935608673	300.0119327	0.563744717082	0.978891725185	0.831604684441
226	Poisson	none	30	1.0	315.578538724	315.578538724	314.697946323	0.573357611767	0.978238726545	0.828230377214
226	Poisson	none	31	1.0	275.747636523	275.747636523	274.851283352	0.582573962168	0.978013595626	0.825742246538
226	Poisson	none	32	1.0	232.126677718	232.126677718	231.232292831	0.582191375951	0.97756299483	0.825548428554
226	Poisson	none	33	1.0	274.267336867	274.267336867	273.349145539	0.583026751576	0.97818640002	0.82608450461
226	Poisson	none	34	1.0	267.199600368	267.199600368	266.294704746	0.572014639674	0.978698157109	0.829260284746
226	Poisson	none	35	1.0	260.881864113	260.881864113	259.984883382	0.581879024549	0.978415707851	0.827109584985
226	Poisson	none	36	1.0	248.895704764	248.895704764	247.976885498	0.581745400663	0.978535818562	0.826713244979
226	Poisson	none	37	1.0	289.641169435	289.641169435	288.727815247	0.583369001193	0.976048987729	0.825084160561
226	Poisson	none	38	1.0	237.328540297	237.328540297	236.43016302	0.574963427946	0.978166246267	0.827898325657
226	Poisson	none	39	1.0	305.817551669	305.817551669	304.911093297	0.579083590185	0.978500542698	0.827643486355
226	Poisson	none	4	1.0	235.84612356	235.84612356	234.904279774	0.586919682975	0.978641985797	0.825041148275
226	Poisson	none	40	1.0	259.687612655	259.687612655	258.773420327	0.571046068688	0.978890984972	0.83056010369
226	Poisson	none	41	1.0	267.566349987	267.566349987	266.615863378	0.591591058771	0.977103574971	0.824288865025
226	Poisson	none	42	1.0	264.804548134	264.804548134	263.882381778	0.566719982847	0.979333175848	0.831579850743
226	Poisson	none	43	1.0	249.872284564	249.872284564	248.931094028	0.576064813065	0.979348402724	0.829441985609
226	Poisson	none	44	1.0	326.097954289	326.097954289	325.195222666	0.575928400707	0.978331932062	0.828300596795
226	Poisson	none	45	0.999253668902	278.061971132	278.061971132	277.164716588	0.579941676127	0.978464624837	0.827512745477
226	Poisson	none	46	1.0	305.181805077	305.181805077	304.270681763	0.585449350404	0.977990536035	0.825354987011
226	Poisson	none	47	1.0	307.804192478	307.804192478	306.916074873	0.588200006678	0.977931257527	0.82459556559
226	Poisson	none	48	1.0	259.13167935	259.13167935	258.197980657	0.58532411967	0.978070614577	0.825094055264
226	Poisson	none	49	1.0	248.902758126	248.902758126	248.003815039	0.568524623756	0.979115589857	0.831313637994
226	Poisson	none	5	1.0	245.544403182	245.544403182	244.632661982	0.579690297219	0.978286916444	0.827153008905
226	Poisson	none	50	1.0	286.189712426	286.189712426	285.238733184	0.581453924073	0.978189091548	0.826620574606
226	Poisson	none	51	1.0	270.706122889	270.706122889	269.817647068	0.588936419578	0.978176115794	0.825097297193
226	Poisson	none	52	1.0	234.916741565	234.916741565	233.995585139	0.583923272945	0.97779906354	0.826691949147
226	Poisson	none	53	1.0	266.808300251	266.808300251	265.889262512	0.579867118103	0.978862743042	0.828173346755
226	Poisson	none	54	1.0	244.94026411	244.94026411	244.00334278	0.582671788171	0.978425180393	0.826846197794
226	Poisson	none	55	1.0	287.021196537	287.021196537	286.138091925	0.578391239291	0.977839202823	0.8271559754
226	Poisson	none	56	1.0	254.478019091	254.478019091	253.539421288	0.590214248824	0.978157139999	0.824540395157
226	Poisson	none	57	1.0	253.04441117	253.04441117	252.082534885	0.589037235017	0.978627875689	0.825049140859
226	Poisson	none	58	1.0	301.202859698	301.202859698	300.290283913	0.581116532073	0.977776082412	0.826566933998
226	Poisson	none	59	1.0	266.135875906	266.135875906	265.19379837	0.578109163539	0.978957187348	0.827728566489
226	Poisson	none	6	1.0	261.181047858	261.181047858	260.271988807	0.577975265863	0.978106500473	0.827679502051
226	Poisson	none	60	1.0	284.610376871	284.610376871	283.757977607	0.586382070613	0.977938778522	0.825551203107
226	Poisson	none	61	1.0	272.631521427	272.631521427	271.662868391	0.590304346734	0.978375779042	0.824374568893
226	Poisson	none	62	1.0	212.816522993	212.816522993	211.929529596	0.572880646029	0.978713917183	0.829556769333
226	Poisson	none	63	1.0	280.902717031	280.902717031	279.971346687	0.597478493521	0.977213868061	0.821366651437
226	Poisson	none	64	1.0	249.809246415	249.809246415	248.90066622	0.568477264419	0.978915734294	0.830695811053
226	Poisson	none	65	1.0	254.420551553	254.420551553	253.487739745	0.578868970091	0.978854571621	0.827742982343
226	Poisson	none	66	1.0	228.888909072	228.888909072	227.945627392	0.589679533545	0.977642915697	0.823942220247
226	Poisson	none	67	1.0	264.57302071	264.57302071	263.63107063	0.583237395244	0.977963583541	0.826366874153
226	Poisson	none	68	1.0	275.277226637	275.277226637	274.320158134	0.581803237252	0.978080900355	0.826544985632
226	Poisson	none	69	1.0	224.911674347	224.911674347	223.957976766	0.582541036143	0.978957310248	0.827252999522
226	Poisson	none	7	1.0	265.118262087	265.118262087	264.19432553	0.588760615721	0.97811612487	0.825114417088
226	Poisson	none	70	1.0	249.914514358	249.914514358	249.033291755	0.578074919242	0.978415236983	0.828006601664
226	Poisson	none	71	1.0	278.514811935	278.514811935	277.631607034	0.587900680665	0.977914677864	0.824667970141
226	Poisson	none	72	1.0	231.145071822	231.145071822	230.258897375	0.57623445602	0.978873145772	0.828360177526
226	Poisson	none	73	1.0	254.211135863	254.211135863	253.301037632	0.58367907783	0.978025595614	0.825925805741
226	Poisson	none	74	1.0	284.342057475	284.342057475	283.396562971	0.579152919061	0.978157882755	0.826886347773
226	Poisson	none	75	1.0	295.272811887	295.272811887	294.349919908	0.58345354201	0.978329651034	0.825630512353
226	Poisson	none	76	1.0	263.334260617	263.334260617	262.422254959	0.575073025118	0.978970941592	0.829149673858
226	Poisson	none	77	1.0	237.045424414	237.045424414	236.116186769	0.578012122854	0.978366767702	0.827676408076
226	Poisson	none	78	1.0	305.696333732	305.696333732	304.76215329	0.584689769162	0.978275302234	0.825760159046
226	Poisson	none	79	1.0	224.815348615	224.815348615	223.901455581	0.583812643626	0.978059008909	0.8250822515
226	Poisson	none	8	1.0	275.779393752	275.779393752	274.875213529	0.581933922554	0.978365851377	0.8268909426
226	Poisson	none	80	1.0	254.131130671	254.131130671	253.201726457	0.588775990331	0.97836330137	0.824956663862
226	Poisson	none	81	1.0	261.70060525	261.70060525	260.783825626	0.578105439654	0.978896542746	0.827944500079
226	Poisson	none	82	1.0	237.421491968	237.421491968	236.533155307	0.580814437734	0.978836104693	0.827460093775
226	Poisson	none	83	1.0	265.969838855	265.969838855	265.040682109	0.591094374143	0.977878501545	0.824070067217
226	Poisson	none	84	1.0	222.49751257	222.49751257	221.590183405	0.584762585252	0.978509688743	0.826292854069
226	Poisson	none	85	1.0	273.179226633	273.179226633	272.32702989	0.581043426883	0.9775853031	0.827124030119
226	Poisson	none	86	1.0	282.877638234	282.877638234	281.981452163	0.586088756045	0.978025178017	0.825092080798
226	Poisson	none	87	1.0	306.93906595	306.93906595	306.038835848	0.586172634157	0.977692922227	0.824898049098
226	Poisson	none	88	1.0	276.557419109	276.557419109	275.649869617	0.580137839805	0.978488744123	0.827427007709
226	Poisson	none	89	1.0	240.708706521	240.708706521	239.787609345	0.578360311579	0.9781958264	0.827943570381
226	Poisson	none	9	1.0	284.218525582	284.218525582	283.318427526	0.581412731824	0.978277653216	0.827167610464
226	Poisson	none	90	1.0	250.792915767	250.792915767	249.874595782	0.579329585704	0.978359726997	0.82746248532
226	Poisson	none	91	1.0	233.860361602	233.860361602	232.916132976	0.582787641076	0.978805743067	0.827311102705
226	Poisson	none	92	1.0	266.372674911	266.372674911	265.475410851	0.579698832761	0.978629441368	0.82718185504
226	Poisson	none	93	1.0	305.005224932	305.005224932	304.053172342	0.585596301711	0.978725443377	0.825973754067
226	Poisson	none	94	1.0	279.536446468	279.536446468	278.562125293	0.576334869841	0.97834451531	0.827884693582
226	Poisson	none	95	1.0	263.499822473	263.499822473	262.530355739	0.585361348495	0.978415924481	0.82599654337
226	Poisson	none	96	1.0	311.604616334	311.604616334	310.646921059	0.584626267894	0.978599236956	0.826573731642
226	Poisson	none	97	1.0	307.981256644	307.981256644	307.045794593	0.5832847158	0.978059208022	0.826343104802
226	Poisson	none	98	1.0	281.228607652	281.228607652	280.281879085	0.580927558332	0.978252452422	0.82649065221
226	Poisson	none	99	1.0	266.186946262	266.186946262	265.290303713	0.579977563875	0.97784234787	0.827072937814
