1.561501597444089340e-01
1.853035143769967974e-01
2.583865814696485463e-01
2.769568690095846608e-01
2.757587859424920351e-01
2.821485623003194831e-01
3.897763578274760499e-01
2.759584664536741117e-01
2.224440894568689986e-01
2.224440894568689986e-01
6.689297124600639133e-02
1.725239616613418459e-01
3.154952076677316475e-01
2.208466453674121366e-01
1.715255591054312967e-01
4.309105431309904199e-01
9.464856230031948314e-02
1.062300319488817951e-01
1.547523961661341763e-01
1.499600638977635902e-01
1.377795527156549515e-01
2.020766773162939178e-01
9.824281150159744347e-02
1.717252396166134287e-01
1.717252396166134287e-01
1.717252396166134287e-01
1.721246006389776373e-01
1.717252396166134287e-01
8.087060702875399631e-02
2.202476038338658237e-01
2.202476038338658237e-01
2.765575079872204523e-01
1.064297124600638994e-01
1.405750798722044670e-01
2.551916932907348223e-01
1.880990415335463128e-01
1.537539936102236549e-01
1.152156549520766821e-01
1.807108626198083157e-01
9.884185303514377019e-02
3.750000000000000000e-01
4.988019169329073743e-01
2.805511182108625934e-01
5.051916932907347946e-02
1.537539936102236549e-01
3.570287539936102261e-01
2.813498402555910660e-01
4.085463258785942409e-01
1.519568690095846608e-01
4.460862619808306784e-01
6.908945686900958005e-02
2.513977635782747577e-01
1.004392971246006322e-01
1.004392971246006322e-01
1.078274760383386571e-01
4.666533546325878357e-01
2.048722044728434610e-01
5.950479233226837333e-02
9.984025559105431935e-02
2.104632587859424919e-01
1.192092651757188509e-01
2.374201277955271527e-01
1.523562300319488694e-01
1.287939297124600646e-01
7.707667731629393171e-02
2.114616613418530411e-01
1.557507987220447254e-01
2.086661341853035256e-01
1.357827476038338532e-01
2.525958466453674389e-01
2.208466453674121366e-01
2.282348242811501615e-01
2.286341853035143701e-01
2.304313099041533641e-01
2.300319488817891278e-01
2.304313099041533641e-01
2.306309904153354684e-01
2.304313099041533641e-01
2.302316293929712598e-01
2.302316293929712598e-01
4.047523961661341763e-01
2.300319488817891278e-01
2.300319488817891278e-01
2.300319488817891278e-01
2.523961661341853069e-01
2.086661341853035256e-01
2.302316293929712598e-01
1.291932907348242732e-01
3.362619808306709368e-01
1.307907348242811629e-01
2.406150159744409045e-01
7.507987220447284726e-02
2.106629392971245962e-01
7.587859424920127827e-02
3.562300319488818090e-01
4.063498402555910660e-01
1.875000000000000000e-01
2.511980830670926257e-01
4.554712460063897739e-01
4.744408945686900969e-01
7.807507987220446699e-02
5.830670926517571989e-02
1.467651757188498385e-01
2.909345047923322936e-01
2.615814696485623259e-01
2.308306709265175727e-01
2.042731629392971204e-01
2.306309904153354684e-01
1.924920127795527180e-01
2.256389776357827504e-01
2.332268370607028796e-01
1.701277955271565390e-01
3.434504792332268575e-01
1.541533546325878634e-01
4.792332268370607107e-01
4.522763578274760499e-01
5.131789137380191740e-02
4.954073482428115183e-01
1.867012779552715551e-01
1.867012779552715551e-01
1.867012779552715551e-01
1.867012779552715551e-01
2.062699680511182188e-01
3.466453674121405815e-01
1.950878594249201292e-01
3.975638977635782556e-01
1.218051118210862621e-01
1.597444089456868943e-01
1.713258785942491924e-01
3.422523961661341763e-01
3.636182108626198062e-01
7.667731629392970927e-02
2.076677316293929765e-01
2.174520766773162805e-01
1.194089456869009552e-01
2.172523961661341763e-01
3.200878594249201292e-01
4.305111821086262114e-01
3.142971246006389663e-01
3.142971246006389663e-01
2.793530351437699677e-01
4.111421725239616798e-01
6.389776357827475772e-02
4.846246006389776095e-01
2.849440894568689986e-01
5.611022364217252423e-02
8.925718849840255653e-02
1.413738019169329119e-01
2.783546325878594185e-01
3.051118210862620028e-01
1.723242811501597416e-01
1.563498402555910660e-01
2.823482428115016152e-01
4.910143769968051131e-01
2.867412140575079649e-01
4.458865814696485463e-01
8.606230031948881865e-02
2.887380191693290632e-01
3.744009584664536594e-01
4.640575079872204523e-01
1.515575079872204523e-01
2.212460063897763451e-01
1.104233226837060683e-01
8.107028753993610060e-02
9.904153354632587447e-02
3.290734824281150162e-01
1.257987220447284449e-01
8.845846645367412553e-02
7.507987220447284726e-02
6.988817891373802493e-02
6.090255591054313106e-02
6.429712460063898016e-02
4.804313099041533364e-01
3.256789137380191601e-01
3.256789137380191601e-01
3.039137380191693216e-01
5.371405750798721734e-02
2.468051118210862482e-01
8.726038338658147209e-02
3.382587859424920351e-01
3.422523961661341763e-01
3.208865814696485463e-01
3.436501597444089340e-01
2.603833865814696447e-01
3.067092651757188371e-01
1.397763578274760499e-01
6.629392971246006461e-02
7.048722044728435165e-02
1.010383386581469589e-01
2.258386581469648546e-01
4.057507987220447254e-01
7.987220447284344715e-02
7.987220447284344715e-02
1.118210862619808260e-01
2.026757188498402584e-01
4.606629392971245962e-01
3.248801916932907430e-01
4.438897763578275035e-01
1.002396166134185279e-01
2.875399361022364375e-01
4.335063897763578034e-01
4.335063897763578034e-01
9.724440894568689431e-02
1.803115015974440793e-01
1.090255591054313106e-01
1.283945686900958560e-01
4.694488817891374066e-01
5.890575079872204661e-02
1.321884984025559207e-01
7.348242811501597138e-02
6.070287539936101984e-02
7.068690095846645594e-02
2.813498402555910660e-01
1.717252396166134287e-01
1.166134185303514398e-01
1.188099041533546285e-01
1.160143769968051131e-01
1.172124600638977665e-01
1.164137380191693355e-01
1.158146964856230088e-01
7.228434504792331794e-02
1.158146964856230088e-01
1.493610223642172496e-01
1.248003194888178957e-01
1.182108626198083018e-01
1.034345047923322658e-01
1.729233226837060822e-01
5.051916932907347946e-02
1.687300319488817812e-01
4.998003194888178680e-01
1.184105431309904199e-01
6.190095846645367328e-02
1.100239616613418597e-01
1.898961661341853069e-01
8.825878594249200737e-02
1.188099041533546285e-01
8.606230031948881865e-02
5.191693290734824412e-02
8.286741214057508076e-02
2.348242811501597416e-01
7.108626198083066450e-02
2.498003194888178957e-01
3.027156549520766959e-01
8.087060702875399631e-02
4.646565495207667928e-01
3.003194888178913891e-01
4.233226837060702907e-01
3.069089456869009691e-01
1.463658146964856299e-01
4.059504792332268575e-01
7.767571884984025843e-02
7.787539936102236271e-02
6.509584664536741117e-02
3.891773162939297093e-01
4.285143769968051131e-01
2.354233226837060822e-01
3.853833865814696447e-01
2.352236421725239501e-01
2.352236421725239501e-01
7.268370607028754038e-02
3.284744408945686756e-01
8.746006389776357637e-02
2.490015974440894508e-01
2.498003194888178957e-01
1.303913738019169266e-01
5.211661341853034840e-02
2.527955271565495154e-01
2.621805111821086109e-01
5.630990415335463545e-02
5.690894568690095523e-02
5.611022364217252423e-02
1.182108626198083018e-01
3.248801916932907430e-01
6.190095846645367328e-02
4.810303514376996770e-01
3.406549520766773420e-01
3.484424920127795477e-01
3.502396166134185140e-01
3.704073482428115183e-01
3.418530351437699677e-01
4.866214057507987079e-01
5.830670926517571989e-02
3.636182108626198062e-01
3.029153354632587725e-01
3.899760383386581264e-01
3.602236421725239501e-01
3.210862619808306784e-01
3.450479233226836917e-01
3.390575079872204523e-01
3.588258785942491924e-01
1.289936102236421689e-01
1.192092651757188509e-01
3.570287539936102261e-01
3.506389776357827226e-01
2.855431309904153392e-01
1.016373801916932856e-01
1.285942492012779603e-01
6.349840255591054916e-02
1.315894568690095801e-01
8.226837060702875404e-02
7.408146964856229810e-02
4.067492012779552746e-01
1.391773162939297093e-01
4.550718849840255653e-01
4.928115015974440793e-01
4.844249201277955330e-01
1.341853035143769912e-01
4.870207667731629164e-01
2.535942492012779326e-01
1.200079872204472820e-01
1.190095846645367467e-01
1.206070287539936087e-01
1.234025559105431241e-01
2.144568690095846608e-01
1.960862619808306784e-01
1.214057507987220397e-01
2.356230031948881865e-01
1.212060702875399354e-01
4.031549520766773420e-01
1.916932907348242732e-01
3.292731629392971482e-01
1.210063897763578311e-01
1.210063897763578311e-01
2.603833865814696447e-01
1.232028753993610198e-01
2.432108626198083157e-01
2.054712460063897739e-01
1.851038338658146931e-01
1.857028753993610337e-01
1.190095846645367467e-01
2.881389776357827226e-01
1.208067092651757130e-01
1.405750798722044670e-01
2.058706070287539824e-01
1.405750798722044670e-01
2.056709265175718782e-01
1.857028753993610337e-01
6.529552715654951545e-02
1.403753993610223627e-01
6.529552715654951545e-02
1.210063897763578311e-01
1.210063897763578311e-01
1.220047923322683664e-01
6.569488817891373789e-02
2.244408945686900969e-01
1.837060702875399354e-01
4.129392971246006461e-01
2.070686900958466359e-01
1.226038338658146931e-01
6.429712460063898016e-02
2.112619808306709368e-01
8.765974440894568065e-02
1.226038338658146931e-01
1.232028753993610198e-01
1.234025559105431241e-01
9.504792332268370558e-02
5.351437699680511306e-02
4.313099041533546285e-01
1.224041533546325888e-01
1.244009584664536733e-01
4.239217252396166313e-01
2.915335463258785786e-01
4.089456869009584494e-01
1.222044728434504846e-01
2.929313099041533364e-01
4.143370607028754038e-01
1.214057507987220397e-01
2.907348242811501615e-01
4.986022364217252423e-01
1.214057507987220397e-01
6.369808306709265344e-02
2.907348242811501615e-01
6.130191693290734656e-02
2.156549520766773143e-01
7.088658146964856022e-02
1.882987220447284449e-01
2.905351437699680295e-01
1.259984025559105492e-01
3.474440894568689986e-01
1.259984025559105492e-01
7.947284345047923859e-02
7.967252396166134287e-02
2.521964856230031748e-01
1.327875399361022335e-01
8.246805111821085832e-02
2.004792332268370558e-01
3.089057507987220674e-01
1.579472843450479280e-01
3.767971246006389663e-01
2.815495207667731425e-01
3.875798722044728195e-01
2.699680511182108722e-01
2.907348242811501615e-01
1.002396166134185279e-01
1.497603833865814582e-01
6.190095846645367328e-02
1.317891373801916843e-01
5.930511182108626211e-02
1.521565495207667651e-01
9.165335463258786342e-02
1.128194888178913752e-01
1.523562300319488694e-01
2.613817891373801938e-01
3.240814696485623259e-01
1.523562300319488694e-01
3.208865814696485463e-01
2.877396166134185140e-01
2.430111821086262114e-01
1.579472843450479280e-01
4.918130990415335302e-01
1.263977635782747577e-01
2.462060702875399354e-01
1.244009584664536733e-01
1.705271565495207753e-01
2.719648562300319705e-01
1.966853035143769912e-01
3.422523961661341763e-01
3.456469648562300323e-01
2.829472843450479003e-01
6.988817891373802493e-02
1.771166134185303553e-01
3.779952076677316475e-01
1.461661341853035256e-01
3.548322683706070513e-01
4.416932907348242732e-01
1.795127795527156622e-01
6.489616613418530688e-02
6.469648562300318873e-02
8.366613418530351176e-02
3.306709265175719059e-01
1.248003194888178957e-01
1.136182108626198062e-01
3.077076677316293862e-01
5.031948881789137518e-02
1.214057507987220397e-01
